1	1	2	3	3	3	4	5	5	5
5	6	7	9	11	12	13	14	14	16
17	18	19	20	21	22	23	24	26	26
27	27	28	28	28	29	31	31	32	34
34	34	36	36	37	37	40	43	43	44
45	45	45	45	46	46	47	48	50	50
52	52	54	56	57	58	58	61	62	63
64	64	66	69	71	72	72	73	75	76
77	78	79	80	80	80	80	84	85	86
87	87	87	88	90	90	91	94	95	97
99	100	102	102	104	105	105	106	108	108
109	110	112	113	114	115	115	116	117	117
118	119	120	121	121	122	122	123	124	124
124	125	125	125	125	126	126	126	126	126
126	128	129	129	129	131	133	135	136	136
137	137	137	138	140	140	141	141	142	144
144	146	146	147	147	148	148	149	149	149
149	150	150	152	156	156	157	157	159	160
160	161	163	163	166	167	167	169	170	170
172	172	173	175	177	178	179	180	181	183
183	185	185	186	186	186	187	188	188	189
189	190	190	192	193	193	193	194	195	195
196	196	198	200	200	201	203	203	206	206
207	207	208	209	210	210	211	211	213	213
214	216	216	218	219	220	222	222	225	225
226	227	228	228	229	230	230	233	234	235
235	236	237	238	240	243	244	244	245	247
248	250	252	253	253	255	255	257	260	262
262	262	262	263	263	265	267	267	268	272
273	274	275	275	275	275	276	278	279	279
280	282	283	284	284	285	285	286	287	288
290	290	290	291	291	292	292	292	294	294
295	296	297	297	298	299	300	300	301	302
304	304	305	307	307	308	311	311	314	314
315	315	316	317	318	318	318	319	319	320
321	321	322	323	327	328	329	330	330	332
332	333	333	334	335	335	340	341	342	343
344	344	345	346	346	347	347	348	349	349
349	350	352	352	352	354	356	357	357	358
359	359	360	361	361	362	362	363	363	364
364	364	365	365	366	367	368	369	369	369
370	370	370	372	372	373	373	374	375	375
377	379	380	381	382	383	383	384	386	388
390	390	391	393	394	394	397	398	399	400
402	402	403	403	403	405	406	407	409	410
411	411	412	413	414	414	417	417	417	417
419	419	419	420	421	421	422	423	425	426
426	428	429	430	431	431	433	438	438	439
439	441	441	442	443	443	445	446	446	448
449	449	449	450	450	451	453	454	455	455
456	457	458	458	461	463	463	464	464	464
464	464	465	467	467	468	469	470	472	472
473	473	473	474	475	475	476	477	477	478
480	481	483	484	485	485	485	486	488	489
490	492	494	495	495	496	497	497	497	498
498	500	501	502	502	504	504	505	508	508
509	510	510	510	513	513	513	516	516	516
518	518	520	520	521	522	523	523	523	524
526	526	526	527	528	529	529	531	531	531
532	532	533	533	534	534	537	539	540	540
540	544	545	545	547	548	548	554	555	555
556	558	558	559	559	559	561	561	562	562
562	564	564	564	565	566	567	567	567	567
567	568	569	570	572	573	574	574	574	575
576	576	578	580	582	582	582	583	585	585
586	586	587	589	591	592	593	594	594	594
594	595	598	599	599	600	600	601	601	602
603	604	605	607	607	609	609	610	612	612
612	612	615	616	616	617	618	620	623	624
624	624	625	627	628	630	631	632	632	634
636	636	637	639	641	642	643	646	647	647
648	648	648	651	652	652	654	654	655	656
657	659	661	663	663	670	672	672	674	674
674	676	676	678	678	678	680	680	681	681
682	682	686	686	686	687	687	687	687	687
687	687	689	693	693	693	696	697	699	700
701	701	702	704	704	704	705	707	708	710
710	711	713	714	714	715	716	716	716	717
717	718	719	720	721	722	722	722	724	724
724	726	726	726	727	729	729	729	730	732
732	732	734	734	736	736	736	738	738	738
739	739	739	741	742	742	743	744	745	745
746	746	747	748	748	751	751	753	754	755
755	756	758	759	761	762	762	763	763	763
763	763	765	766	766	767	768	769	769	770
770	770	771	774	775	777	777	778	778	781
781	781	784	785	786	786	787	787	787	788
788	789	789	790	793	794	794	794	795	797
797	798	800	800	800	801	802	805	806	806
807	808	808	810	810	810	810	812	814	815
816	816	816	819	821	822	824	825	825	827
828	829	831	832	834	836	836	836	836	837
838	838	839	841	842	842	842	842	842	843
844	844	844	844	845	846	847	847	847	847
848	851	852	852	853	854	856	857	861	861
861	862	862	863	863	863	863	863	864	865
865	865	865	866	868	869	870	870	871	871
871	874	874	875	876	877	881	882	882	882
883	883	885	886	887	888	888	889	889	890
892	892	892	893	893	893	893	894	896	897
897	898	898	899	900	901	901	902	904	904
904	905	905	905	906	907	909	910	911	912
914	914	915	915	915	915	916	916	916	917
918	918	918	919	920	920	921	922	926	926
926	926	927	931	931	932	933	934	934	935
937	937	937	937	938	938	939	940	940	941
942	942	943	944	944	945	946	951	951	952
952	955	956	956	956	957	958	959	962	962
962	963	964	965	967	967	968	969	969	969
970	970	970	973	974	977	978	978	978	980
982	982	982	983	983	983	984	984	985	986
987	989	989	991	993	993	993	995	996	998
999	1000	1000	1003	1003	1003	1003	1004	1006	1009
1009	1012	1012	1012	1013	1015	1016	1017	1017	1020
1020	1021	1022	1022	1022	1024	1025	1026	1026	1027
1027	1028	1028	1029	1033	1033	1034	1035	1037	1038
1039	1039	1040	1041	1042	1045	1047	1047	1047	1048
1048	1049	1049	1050	1050	1051	1052	1052	1053	1053
1054	1055	1056	1056	1056	1058	1060	1062	1062	1062
1063	1064	1065	1066	1067	1068	1071	1072	1072	1073
1073	1073	1074	1074	1074	1075	1076	1078	1078	1079
1080	1081	1081	1082	1084	1085	1086	1086	1087	1087
1087	1087	1088	1088	1088	1088	1088	1088	1090	1091
1091	1093	1093	1095	1096	1098	1100	1100	1100	1101
1103	1104	1106	1106	1106	1106	1107	1107	1108	1109
1110	1111	1111	1111	1115	1115	1117	1117	1118	1120
1122	1124	1125	1128	1129	1129	1130	1132	1133	1134
1134	1135	1136	1138	1138	1139	1142	1142	1143	1143
1145	1146	1148	1148	1148	1149	1149	1151	1151	1152
1152	1153	1156	1156	1156	1157	1157	1158	1159	1160
1161	1162	1163	1164	1166	1166	1167	1170	1170	1171
1171	1172	1173	1173	1177	1178	1179	1179	1179	1180
1182	1183	1183	1184	1184	1184	1185	1186	1187	1187
1188	1189	1190	1191	1191	1192	1193	1194	1194	1194
1195	1195	1196	1196	1196	1198	1199	1200	1200	1200
1201	1201	1201	1202	1203	1204	1204	1205	1205	1207
1207	1208	1208	1210	1211	1211	1213	1214	1214	1214
1215	1215	1215	1216	1217	1218	1218	1219	1220	1220
1221	1221	1221	1223	1223	1226	1227	1227	1230	1231
1231	1232	1232	1234	1236	1239	1239	1240	1241	1241
1241	1242	1242	1242	1246	1247	1247	1248	1249	1249
1250	1250	1251	1253	1255	1256	1256	1256	1257	1257
1258	1259	1262	1262	1262	1263	1265	1265	1266	1267
1269	1269	1270	1271	1271	1274	1274	1274	1275	1275
1275	1275	1275	1275	1277	1277	1277	1279	1280	1285
1286	1287	1289	1294	1295	1296	1296	1297	1298	1302
1302	1302	1303	1304	1304	1305	1305	1306	1307	1309
1312	1313	1313	1314	1315	1316	1316	1318	1319	1320
1321	1321	1321	1322	1324	1324	1326	1326	1327	1327
1327	1331	1332	1333	1333	1336	1337	1337	1339	1339
1339	1340	1341	1343	1343	1344	1345	1345	1346	1348
1349	1351	1351	1353	1356	1356	1356	1358	1359	1360
1365	1365	1366	1367	1367	1368	1369	1369	1371	1371
1372	1374	1374	1375	1376	1376	1376	1377	1377	1377
1377	1378	1378	1379	1379	1380	1381	1381	1384	1384
1385	1385	1385	1386	1387	1387	1388	1388	1389	1390
1390	1390	1393	1395	1395	1397	1398	1399	1400	1403
1403	1405	1407	1408	1410	1410	1411	1412	1412	1413
1413	1416	1417	1417	1417	1417	1418	1419	1419	1419
1420	1422	1422	1424	1426	1426	1426	1427	1427	1428
1428	1429	1429	1430	1430	1430	1431	1432	1432	1432
1436	1436	1437	1437	1439	1440	1441	1443	1444	1444
1446	1447	1447	1447	1448	1448	1448	1450	1452	1452
1455	1455	1456	1457	1459	1460	1462	1462	1462	1464
1464	1464	1465	1465	1466	1467	1467	1467	1468	1468
1469	1470	1470	1470	1470	1471	1475	1478	1478	1481
1482	1482	1484	1485	1485	1486	1489	1491	1491	1491
1492	1493	1493	1493	1496	1497	1497	1499	1500	1502
1503	1503	1504	1504	1505	1506	1507	1507	1507	1509
1509	1512	1516	1517	1517	1522	1523	1523	1524	1524
1525	1525	1525	1526	1528	1528	1530	1531	1534	1534
1535	1536	1536	1536	1536	1536	1537	1537	1539	1541
1541	1541	1544	1544	1546	1546	1546	1547	1547	1548
1548	1549	1549	1551	1551	1552	1553	1553	1555	1555
1556	1559	1559	1559	1559	1562	1563	1564	1564	1566
1567	1567	1568	1568	1569	1571	1572	1573	1574	1574
1574	1576	1580	1581	1585	1587	1589	1589	1590	1590
1591	1591	1591	1592	1593	1594	1594	1595	1596	1596
1597	1597	1599	1599	1604	1605	1605	1606	1608	1608
1609	1611	1611	1612	1612	1612	1612	1613	1614	1614
1614	1614	1614	1615	1615	1615	1616	1616	1616	1617
1617	1625	1625	1625	1626	1627	1629	1629	1631	1632
1632	1633	1634	1635	1636	1637	1637	1637	1639	1639
1639	1640	1641	1642	1642	1642	1643	1644	1646	1646
1646	1647	1649	1650	1650	1651	1652	1653	1653	1654
1654	1655	1655	1656	1657	1658	1659	1660	1663	1664
1667	1670	1671	1671	1671	1672	1672	1673	1674	1678
1678	1678	1682	1683	1684	1684	1684	1685	1686	1688
1689	1689	1690	1690	1692	1692	1693	1694	1695	1698
1701	1702	1703	1703	1703	1703	1704	1705	1705	1706
1706	1706	1706	1710	1710	1710	1711	1711	1712	1713
1713	1716	1716	1716	1718	1719	1719	1722	1722	1724
1724	1726	1726	1727	1728	1728	1728	1729	1730	1731
1731	1734	1735	1735	1736	1738	1739	1740	1741	1743
1747	1747	1747	1748	1750	1750	1750	1751	1752	1753
1756	1756	1756	1757	1757	1759	1759	1759	1759	1760
1760	1761	1762	1763	1764	1764	1768	1770	1772	1773
1773	1774	1775	1778	1781	1783	1784	1785	1785	1786
1787	1788	1788	1788	1789	1790	1793	1794	1795	1796
1798	1799	1799	1799	1800	1801	1801	1802	1802	1802
1803	1804	1805	1805	1805	1806	1806	1807	1807	1807
1809	1811	1812	1813	1814	1814	1815	1816	1816	1817
1818	1821	1825	1825	1826	1827	1827	1828	1829	1830
1830	1830	1830	1832	1833	1834	1836	1837	1839	1844
1845	1845	1846	1847	1850	1850	1852	1853	1853	1853
1855	1855	1856	1858	1858	1858	1859	1862	1862	1862
1862	1863	1863	1866	1866	1870	1870	1870	1871	1871
1871	1871	1872	1873	1874	1874	1874	1876	1878	1880
1881	1882	1882	1883	1885	1886	1887	1887	1887	1888
1889	1889	1890	1892	1894	1894	1895	1899	1901	1902
1903	1903	1903	1907	1907	1908	1911	1913	1913	1914
1914	1919	1921	1921	1924	1924	1924	1924	1925	1926
1926	1927	1929	1929	1929	1930	1931	1931	1932	1934
1934	1935	1935	1935	1936	1937	1937	1938	1938	1940
1941	1943	1943	1945	1945	1947	1949	1951	1952	1954
1956	1956	1959	1959	1960	1961	1965	1965	1967	1968
1969	1972	1973	1974	1976	1978	1979	1980	1981	1981
1982	1982	1983	1983	1988	1990	1992	1993	1993	1994
1994	1995	1996	1996	1996	1997	1997	1999	1999	1999
2001	2002	2002	2002	2002	2003	2003	2003	2004	2005
2006	2007	2007	2007	2008	2009	2009	2011	2011	2011
2012	2016	2016	2017	2019	2019	2019	2019	2020	2022
2022	2025	2026	2026	2028	2029	2029	2030	2030	2030
2031	2031	2032	2032	2032	2032	2034	2035	2037	2038
2039	2040	2040	2040	2040	2041	2043	2043	2043	2045
2046	2046	2047	2047	2049	2049	2050	2051	2053	2055
2055	2056	2056	2056	2058	2058	2060	2062	2064	2066
2067	2067	2069	2069	2069	2071	2071	2071	2072	2072
2072	2074	2075	2075	2079	2079	2080	2081	2081	2082
2083	2084	2085	2086	2087	2087	2088	2088	2089	2090
2093	2093	2094	2094	2095	2096	2097	2097	2099	2100
2101	2102	2104	2104	2105	2105	2106	2108	2110	2110
2112	2112	2116	2116	2116	2116	2117	2118	2119	2120
2121	2121	2121	2123	2123	2124	2125	2127	2127	2127
2128	2128	2128	2129	2129	2129	2131	2131	2132	2132
2133	2136	2136	2136	2137	2138	2138	2139	2139	2140
2140	2140	2140	2141	2141	2141	2142	2142	2143	2143
2144	2144	2145	2146	2147	2148	2148	2150	2150	2151
2152	2153	2155	2155	2156	2157	2157	2157	2158	2159
2159	2159	2160	2160	2161	2162	2163	2164	2165	2165
2166	2166	2166	2167	2168	2169	2170	2171	2171	2171
2171	2172	2172	2173	2173	2173	2174	2175	2177	2177
2178	2178	2178	2180	2181	2182	2183	2185	2185	2185
2188	2189	2190	2190	2191	2191	2194	2194	2195	2195
2196	2197	2198	2199	2200	2201	2206	2206	2206	2206
2207	2208	2209	2209	2210	2210	2210	2211	2211	2211
2213	2213	2214	2215	2216	2217	2218	2219	2219	2220
2220	2220	2221	2221	2221	2224	2224	2226	2226	2226
2227	2228	2228	2229	2231	2231	2234	2234	2235	2235
2237	2237	2237	2239	2239	2239	2240	2241	2242	2242
2242	2245	2245	2245	2246	2247	2248	2249	2249	2249
2250	2251	2251	2252	2254	2256	2256	2256	2257	2259
2261	2261	2261	2262	2262	2263	2265	2266	2268	2269
2270	2270	2271	2272	2275	2275	2275	2275	2276	2276
2276	2276	2278	2280	2282	2283	2284	2285	2286	2289
2289	2292	2293	2295	2296	2297	2297	2298	2298	2298
2299	2300	2301	2301	2303	2303	2306	2307	2311	2312
2313	2314	2315	2315	2316	2318	2319	2319	2322	2324
2324	2326	2326	2326	2327	2327	2327	2328	2329	2329
2329	2330	2330	2331	2331	2332	2333	2333	2334	2334
2337	2337	2337	2337	2339	2340	2341	2341	2342	2342
2342	2343	2343	2344	2347	2349	2351	2352	2352	2353
2354	2354	2355	2359	2360	2361	2361	2362	2363	2364
2365	2365	2365	2368	2368	2369	2370	2370	2371	2371
2372	2373	2375	2376	2376	2377	2377	2378	2378	2379
2381	2381	2382	2383	2383	2385	2387	2387	2390	2391
2393	2396	2397	2397	2398	2399	2399	2403	2403	2404
2404	2406	2407	2410	2410	2411	2412	2412	2413	2415
2415	2415	2416	2416	2416	2417	2418	2419	2419	2421
2422	2424	2427	2428	2428	2429	2431	2431	2432	2433
2435	2436	2437	2438	2438	2438	2439	2439	2439	2440
2441	2442	2443	2444	2446	2446	2448	2448	2449	2450
2452	2453	2453	2454	2455	2455	2455	2457	2458	2459
2460	2461	2462	2464	2465	2465	2465	2467	2467	2468
2469	2469	2472	2472	2473	2474	2474	2476	2477	2478
2479	2479	2480	2480	2481	2481	2481	2481	2482	2482
2482	2487	2488	2490	2490	2491	2493	2495	2496	2498
2498	2499	2502	2502	2502	2502	2503	2504	2509	2511
2512	2513	2513	2514	2515	2518	2518	2520	2520	2521
2521	2522	2525	2525	2529	2529	2530	2530	2530	2532
2532	2533	2533	2533	2537	2540	2540	2543	2543	2543
2545	2546	2547	2549	2549	2550	2551	2552	2552	2552
2553	2553	2554	2555	2555	2556	2556	2557	2557	2558
2560	2562	2562	2563	2564	2566	2568	2570	2570	2571
2572	2572	2574	2577	2577	2577	2578	2580	2581	2581
2583	2584	2585	2585	2585	2586	2587	2587	2588	2588
2589	2589	2590	2590	2592	2593	2595	2598	2599	2600
2601	2603	2603	2603	2603	2604	2604	2605	2607	2608
2609	2611	2611	2612	2613	2613	2615	2616	2618	2618
2619	2619	2620	2620	2622	2624	2624	2624	2625	2627
2627	2627	2629	2629	2630	2630	2630	2632	2632	2633
2635	2635	2636	2636	2637	2638	2639	2640	2640	2641
2643	2643	2643	2645	2646	2646	2646	2648	2648	2648
2650	2650	2651	2654	2654	2655	2656	2656	2659	2661
2661	2662	2663	2665	2665	2667	2667	2667	2669	2669
2670	2671	2672	2673	2673	2674	2675	2675	2676	2678
2678	2678	2679	2680	2680	2681	2681	2681	2682	2683
2683	2684	2685	2686	2687	2687	2687	2688	2688	2689
2689	2691	2691	2692	2694	2694	2694	2695	2696	2696
2697	2697	2697	2698	2698	2699	2701	2702	2702	2702
2703	2703	2704	2704	2704	2705	2707	2711	2711	2712
2713	2717	2717	2718	2718	2718	2718	2719	2720	2720
2721	2721	2722	2723	2723	2723	2724	2724	2725	2729
2729	2729	2730	2731	2731	2732	2732	2733	2734	2734
2734	2735	2737	2740	2742	2742	2742	2744	2744	2746
2746	2746	2747	2747	2747	2748	2748	2748	2748	2749
2749	2749	2751	2752	2753	2755	2756	2758	2759	2759
2759	2759	2759	2760	2760	2761	2762	2762	2765	2765
2766	2766	2766	2766	2767	2768	2769	2770	2771	2774
2776	2776	2777	2777	2777	2779	2780	2784	2786	2786
2787	2788	2788	2790	2792	2793	2793	2793	2794	2794
2798	2799	2801	2802	2802	2803	2803	2804	2804	2805
2805	2807	2809	2810	2812	2813	2813	2814	2816	2817
2817	2818	2818	2818	2819	2822	2823	2823	2825	2825
2826	2826	2827	2829	2830	2830	2830	2830	2831	2831
2833	2833	2835	2835	2836	2838	2838	2838	2839	2839
2839	2839	2840	2840	2841	2843	2843	2843	2846	2848
2849	2849	2853	2853	2855	2856	2856	2856	2858	2858
2859	2859	2859	2860	2860	2861	2861	2863	2863	2863
2864	2865	2865	2865	2866	2867	2870	2870	2874	2874
2876	2876	2877	2878	2879	2880	2881	2881	2881	2881
2883	2885	2885	2886	2886	2890	2891	2892	2893	2895
2896	2896	2897	2898	2898	2900	2900	2902	2903	2903
2903	2905	2905	2906	2907	2909	2909	2910	2910	2913
2915	2915	2915	2915	2916	2916	2924	2924	2924	2925
2926	2932	2932	2933	2934	2935	2935	2935	2935	2935
2936	2936	2937	2938	2941	2941	2942	2943	2944	2945
2945	2947	2947	2948	2952	2952	2952	2953	2953	2954
2954	2954	2955	2955	2957	2958	2959	2959	2959	2959
2960	2962	2963	2964	2964	2964	2966	2967	2968	2968
2970	2971	2971	2973	2975	2978	2979	2981	2981	2983
2983	2983	2984	2984	2986	2988	2988	2989	2990	2990
2990	2991	2993	2994	2995	2995	2995	2996	2998	2999
3001	3001	3002	3003	3003	3003	3004	3005	3005	3006
3007	3008	3009	3009	3011	3013	3015	3017	3017	3019
3019	3021	3022	3022	3022	3023	3023	3025	3026	3028
3028	3029	3030	3030	3031	3031	3032	3033	3033	3035
3035	3035	3036	3037	3038	3040	3041	3041	3042	3043
3043	3044	3046	3046	3048	3048	3049	3050	3050	3051
3052	3052	3053	3053	3055	3057	3058	3059	3060	3061
3063	3063	3065	3066	3067	3070	3071	3071	3071	3071
3073	3074	3075	3075	3077	3079	3079	3079	3080	3083
3084	3084	3088	3088	3091	3093	3094	3096	3097	3099
3099	3099	3100	3100	3101	3102	3107	3108	3108	3108
3109	3110	3111	3113	3113	3113	3113	3114	3116	3116
3116	3116	3117	3118	3120	3122	3126	3127	3127	3128
3128	3128	3130	3131	3131	3132	3134	3134	3134	3136
3136	3136	3136	3139	3139	3141	3143	3143	3145	3145
3147	3148	3149	3149	3150	3151	3152	3153	3154	3154
3155	3158	3158	3160	3160	3161	3164	3166	3166	3167
3167	3169	3171	3172	3173	3173	3174	3174	3175	3176
3176	3177	3177	3178	3179	3179	3179	3180	3180	3181
3182	3183	3184	3184	3186	3187	3187	3189	3193	3193
3194	3194	3196	3197	3198	3199	3202	3202	3203	3203
3207	3208	3208	3209	3210	3211	3211	3212	3212	3212
3212	3213	3213	3213	3215	3215	3216	3219	3220	3220
3221	3223	3224	3224	3225	3226	3227	3227	3228	3230
3232	3232	3234	3236	3238	3239	3244	3244	3244	3246
3246	3252	3253	3253	3255	3256	3257	3257	3258	3258
3259	3261	3262	3263	3263	3264	3267	3270	3271	3272
3272	3274	3275	3276	3277	3280	3281	3282	3283	3283
3284	3284	3284	3284	3284	3284	3285	3286	3286	3286
3286	3287	3288	3289	3289	3291	3291	3292	3292	3294
3294	3294	3294	3295	3296	3296	3297	3297	3298	3300
3300	3303	3303	3303	3305	3307	3307	3308	3308	3309
3309	3309	3309	3309	3310	3311	3312	3313	3313	3314
3315	3315	3316	3316	3317	3318	3320	3320	3321	3322
3322	3323	3324	3325	3325	3325	3326	3327	3327	3328
3329	3329	3329	3329	3329	3330	3331	3331	3332	3332
3334	3335	3336	3336	3337	3337	3337	3337	3337	3338
3339	3341	3343	3344	3345	3347	3347	3348	3348	3349
3350	3350	3353	3354	3355	3358	3359	3360	3361	3363
3364	3364	3365	3367	3368	3370	3370	3371	3372	3372
3373	3375	3378	3379	3379	3379	3379	3381	3381	3384
3385	3387	3387	3389	3389	3390	3391	3393	3394	3396
3399	3399	3400	3401	3401	3401	3401	3402	3404	3404
3406	3406	3406	3406	3406	3411	3414	3415	3417	3417
3418	3418	3419	3421	3422	3422	3423	3426	3429	3429
3430	3430	3433	3435	3435	3437	3437	3439	3440	3442
3443	3444	3446	3446	3448	3448	3448	3449	3449	3450
3451	3451	3452	3453	3455	3456	3457	3457	3457	3457
3459	3460	3460	3462	3463	3464	3466	3467	3467	3467
3468	3468	3475	3475	3476	3476	3477	3477	3478	3480
3480	3481	3484	3485	3486	3486	3487	3488	3488	3488
3488	3488	3492	3493	3493	3493	3493	3493	3494	3494
3494	3494	3494	3496	3497	3501	3501	3504	3504	3505
3506	3507	3510	3510	3510	3511	3511	3511	3512	3512
3513	3513	3515	3516	3517	3518	3518	3518	3519	3520
3520	3521	3522	3522	3523	3523	3524	3524	3525	3525
3525	3527	3530	3531	3531	3531	3532	3534	3534	3535
3536	3537	3537	3538	3539	3539	3541	3542	3544	3544
3546	3546	3549	3550	3553	3553	3554	3559	3559	3559
3562	3563	3563	3566	3566	3568	3568	3569	3570	3571
3571	3572	3573	3573	3573	3574	3575	3576	3577	3577
3578	3580	3582	3583	3584	3584	3586	3586	3586	3587
3587	3587	3589	3593	3594	3597	3597	3597	3597	3597
3600	3601	3603	3604	3604	3605	3606	3606	3607	3609
3610	3610	3611	3612	3613	3614	3614	3615	3618	3618
3618	3619	3619	3620	3620	3620	3621	3621	3621	3622
3623	3623	3624	3624	3625	3626	3626	3626	3628	3629
3632	3633	3633	3633	3633	3634	3634	3634	3636	3638
3639	3640	3640	3641	3642	3643	3643	3644	3644	3644
3644	3645	3646	3646	3649	3649	3651	3651	3651	3651
3652	3653	3653	3654	3655	3657	3660	3661	3661	3662
3664	3664	3665	3666	3666	3668	3669	3670	3670	3672
3673	3674	3674	3675	3675	3676	3678	3678	3678	3678
3679	3679	3682	3683	3684	3684	3686	3689	3689	3689
3690	3692	3692	3693	3693	3693	3695	3700	3700	3701
3703	3703	3704	3704	3707	3707	3707	3708	3708	3708
3709	3709	3709	3711	3711	3713	3714	3715	3715	3717
3718	3718	3720	3720	3720	3721	3722	3722	3722	3722
3723	3723	3724	3725	3728	3728	3729	3729	3729	3729
3730	3731	3731	3732	3733	3733	3734	3735	3735	3735
3735	3737	3741	3741	3741	3744	3744	3745	3746	3747
3747	3748	3751	3753	3753	3755	3755	3755	3755	3758
3759	3760	3760	3762	3763	3763	3765	3766	3768	3768
3768	3770	3770	3771	3775	3776	3777	3777	3780	3780
3781	3781	3782	3782	3783	3783	3784	3784	3785	3786
3786	3788	3789	3791	3794	3794	3795	3795	3795	3797
3798	3800	3801	3801	3801	3801	3802	3802	3804	3805
3805	3807	3807	3808	3808	3808	3809	3809	3810	3811
3812	3815	3815	3815	3816	3816	3816	3817	3817	3818
3818	3818	3819	3820	3821	3821	3824	3825	3826	3826
3826	3827	3828	3829	3830	3831	3832	3832	3833	3835
3836	3836	3836	3836	3836	3838	3838	3838	3840	3840
3841	3842	3843	3845	3846	3846	3846	3848	3848	3849
3853	3853	3853	3854	3855	3856	3857	3859	3859	3860
3860	3860	3860	3861	3861	3861	3863	3865	3865	3866
3866	3866	3867	3867	3868	3870	3870	3871	3872	3873
3875	3875	3881	3881	3883	3883	3885	3886	3887	3887
3888	3888	3888	3889	3889	3890	3891	3892	3895	3895
3897	3900	3901	3902	3903	3908	3908	3910	3910	3911
3911	3912	3912	3916	3916	3916	3918	3918	3919	3919
3920	3921	3922	3923	3924	3925	3925	3926	3927	3928
3928	3929	3929	3930	3932	3933	3934	3934	3934	3936
3939	3940	3941	3942	3942	3944	3944	3945	3946	3946
3950	3950	3954	3955	3955	3957	3960	3960	3960	3962
3962	3963	3963	3964	3965	3965	3968	3969	3971	3973
3974	3976	3978	3979	3980	3980	3981	3983	3985	3985
3985	3986	3989	3989	3990	3991	3991	3992	3993	3994
3994	3994	3994	3995	3996	3996	3998	3999	4000	4000
4000	4002	4002	4002	4004	4005	4006	4006	4007	4007
4007	4008	4009	4010	4011	4012	4014	4018	4019	4020
4020	4022	4023	4024	4024	4025	4026	4026	4026	4028
4029	4029	4029	4032	4034	4035	4035	4036	4037	4037
4039	4040	4041	4041	4046	4046	4047	4048	4049	4050
4050	4051	4052	4052	4052	4052	4053	4053	4053	4054
4054	4055	4055	4056	4056	4057	4058	4059	4060	4061
4062	4063	4063	4063	4063	4065	4066	4067	4067	4068
4070	4072	4073	4076	4076	4077	4077	4078	4078	4079
4079	4080	4082	4082	4082	4084	4084	4084	4085	4087
4088	4088	4089	4090	4090	4091	4091	4093	4094	4094
4098	4098	4098	4099	4099	4100	4102	4104	4104	4104
4104	4106	4106	4106	4107	4108	4110	4110	4110	4111
4113	4114	4114	4116	4117	4117	4119	4120	4122	4123
4123	4125	4126	4127	4127	4127	4128	4128	4129	4130
4131	4131	4132	4132	4132	4133	4133	4133	4134	4135
4136	4137	4138	4138	4138	4140	4140	4140	4140	4141
4142	4143	4143	4143	4144	4145	4146	4146	4148	4148
4149	4149	4150	4150	4151	4152	4153	4153	4154	4154
4154	4154	4156	4157	4157	4160	4160	4161	4161	4164
4164	4164	4164	4165	4165	4166	4166	4167	4167	4168
4168	4168	4168	4168	4170	4170	4171	4172	4175	4175
4175	4177	4178	4179	4179	4180	4180	4182	4183	4184
4185	4185	4185	4186	4187	4188	4188	4189	4189	4189
4189	4189	4190	4192	4193	4194	4196	4198	4201	4202
4202	4202	4202	4203	4204	4205	4205	4205	4206	4206
4207	4209	4209	4209	4210	4212	4213	4214	4215	4215
4215	4218	4221	4224	4224	4225	4225	4225	4227	4228
4228	4229	4230	4230	4231	4232	4233	4233	4234	4235
4236	4236	4238	4238	4238	4240	4241	4242	4243	4245
4245	4245	4247	4247	4247	4247	4248	4248	4249	4249
4249	4250	4250	4251	4252	4254	4256	4257	4257	4258
4259	4260	4261	4261	4261	4262	4262	4264	4264	4265
4266	4266	4267	4268	4269	4269	4269	4272	4272	4273
4274	4276	4276	4277	4278	4280	4280	4281	4281	4283
4284	4286	4286	4289	4290	4291	4291	4291	4291	4292
4292	4292	4294	4294	4296	4296	4297	4297	4298	4300
4301	4301	4301	4302	4302	4303	4305	4307	4308	4309
4309	4310	4311	4314	4314	4315	4315	4316	4317	4317
4320	4322	4323	4323	4324	4325	4327	4328	4328	4328
4333	4333	4334	4334	4335	4337	4337	4338	4339	4339
4340	4340	4340	4341	4342	4343	4344	4344	4346	4348
4348	4348	4349	4351	4353	4353	4354	4354	4355	4355
4356	4356	4357	4359	4359	4360	4360	4360	4361	4362
4363	4363	4365	4366	4369	4369	4369	4373	4373	4374
4375	4376	4376	4376	4377	4377	4377	4378	4378	4379
4379	4380	4382	4384	4384	4384	4385	4386	4387	4387
4388	4389	4389	4390	4390	4391	4392	4393	4393	4393
4394	4394	4394	4395	4395	4396	4397	4399	4400	4400
4402	4402	4406	4407	4408	4410	4411	4412	4412	4413
4413	4414	4415	4415	4416	4416	4417	4420	4420	4421
4422	4422	4426	4427	4428	4428	4428	4428	4429	4429
4430	4431	4432	4433	4434	4436	4440	4440	4441	4441
4441	4445	4446	4446	4448	4448	4449	4451	4451	4451
4452	4452	4453	4453	4453	4456	4457	4459	4459	4460
4463	4463	4463	4464	4465	4466	4467	4467	4468	4469
4471	4471	4472	4473	4474	4475	4476	4476	4477	4478
4479	4480	4481	4481	4482	4482	4482	4483	4484	4486
4487	4490	4490	4491	4492	4494	4496	4497	4498	4498