5	7	7	7	9	11	11	11	12	12
14	15	16	16	16	16	17	17	18	19
22	22	23	23	24	24	25	26	27	28
30	31	31	31	32	34	34	34	37	37
37	39	39	39	39	40	41	41	41	43
44	45	45	47	48	50	51	51	51	52
54	55	55	55	56	59	59	60	61	62
63	63	66	66	67	68	68	69	70	71
71	75	75	76	76	77	79	80	81	82
83	84	88	88	90	93	94	94	97	101
101	102	103	103	104	105	107	107	107	107
107	108	109	109	109	109	111	112	116	116
120	120	120	121	124	124	125	126	127	127
127	128	128	129	131	132	133	133	133	133
135	136	136	137	137	137	138	139	140	141
142	142	143	144	145	148	148	148	149	151
153	156	156	156	156	157	157	158	159	161
161	163	166	166	167	169	170	170	173	174
174	175	177	179	179	179	181	182	184	187
187	188	190	191	191	193	193	195	196	197
198	198	198	199	199	199	201	201	202	203
203	204	204	205	206	207	208	208	208	208
209	209	210	210	212	212	214	214	214	214
216	216	219	220	224	225	225	225	226	226
227	227	228	229	230	231	233	233	233	235
235	240	241	242	243	243	245	247	247	249
250	251	251	252	253	253	254	254	254	256
257	257	260	262	262	263	263	264	264	264
265	270	270	270	272	272	273	275	276	278
280	281	282	283	284	284	284	285	285	285
287	288	289	289	291	291	292	294	295	296
297	297	298	298	298	299	299	300	300	300
301	301	301	302	302	307	309	309	309	310
310	311	311	314	314	318	320	321	321	322
323	323	324	325	325	326	326	326	326	327
327	328	330	330	333	333	333	333	334	334
334	336	337	337	338	338	339	339	339	339
340	340	341	342	342	345	345	346	349	349
349	350	352	352	353	355	356	357	358	358
358	358	359	360	361	362	363	363	363	363
364	366	366	367	368	371	372	372	373	374
375	375	376	377	379	381	382	383	383	383
384	384	385	388	389	389	390	391	393	393
394	394	396	397	397	397	398	398	398	399
399	399	400	400	402	403	403	405	406	408
411	412	412	413	415	416	416	417	417	418
420	421	421	423	424	424	426	426	427	430
431	432	432	432	434	435	435	435	436	437
437	440	441	442	444	444	445	445	445	445
447	450	451	451	451	452	453	453	453	454
455	457	458	458	459	460	460	461	461	462
463	463	464	464	465	465	466	467	467	468
469	469	469	470	471	471	473	475	475	478
480	482	484	484	488	488	488	490	490	490
493	493	495	495	495	496	497	498	498	498
500	500	500	501	501	504	505	505	505	507
509	509	510	510	511	512	512	513	513	514
515	516	517	517	517	518	518	518	518	519
519	519	520	521	522	523	523	523	524	526
527	527	527	529	529	530	532	532	535	536
536	537	538	538	538	538	539	539	540	540
541	542	542	543	544	545	547	550	550	551
551	552	552	554	555	556	556	557	557	560
560	562	562	562	562	562	562	563	563	564
564	566	568	569	569	569	570	572	573	573
575	575	576	577	578	579	579	580	580	582
582	584	584	585	587	589	589	590	591	591
591	591	592	592	593	594	594	596	596	597
599	600	600	600	600	602	602	605	606	606
606	607	608	608	609	609	609	609	610	610
611	614	614	616	618	619	620	621	622	622
623	624	626	627	627	628	630	631	632	633
635	636	637	639	640	640	642	642	643	643
644	644	648	648	650	650	650	651	653	653
657	657	657	657	658	659	660	661	662	662
662	664	668	668	668	674	675	675	676	677
677	677	677	679	679	681	681	682	684	686
688	689	689	689	691	691	692	693	695	695
697	698	698	699	700	701	701	701	703	703
706	707	707	709	711	712	713	715	716	716
716	717	718	719	719	720	721	721	721	721
722	723	723	723	723	728	729	729	729	730
730	732	732	732	733	734	736	737	737	737
737	737	737	739	739	740	740	741	741	742
742	743	744	745	745	745	746	746	747	749
750	750	752	752	754	754	755	756	757	758
758	761	763	766	767	767	767	770	770	770
771	771	771	773	775	776	777	777	778	778
779	781	781	782	782	783	784	786	787	787
788	788	789	790	790	791	792	792	792	793
794	794	796	797	797	797	797	798	798	800
804	804	805	805	807	809	811	812	813	813
814	816	816	816	817	817	817	819	821	822
824	825	826	827	827	828	828	828	829	829
829	829	829	832	833	834	834	835	836	837
837	841	841	843	843	846	847	847	847	849
851	853	855	855	856	857	859	863	864	866
866	866	866	869	870	870	871	872	873	873
874	875	876	877	878	879	879	879	880	882
882	884	884	885	886	886	892	892	893	895
896	898	898	898	900	901	902	902	902	903
905	905	908	908	910	912	912	912	912	912
914	917	917	918	918	920	921	921	922	922
923	923	925	925	925	925	926	927	927	928
929	929	930	932	933	933	934	935	935	936
937	937	937	939	940	941	942	945	948	949
951	951	952	952	954	955	956	956	957	958
958	959	959	960	960	961	961	963	964	965
965	967	968	968	969	970	970	970	970	971
972	972	975	976	977	977	977	977	980	980
981	981	982	982	982	984	988	989	989	990
991	992	993	994	995	996	998	999	1000	1001
1001	1002	1003	1003	1007	1007	1013	1014	1014	1015
1016	1018	1019	1019	1020	1020	1021	1021	1021	1022
1022	1023	1027	1027	1028	1029	1030	1031	1031	1031
1033	1033	1033	1035	1035	1037	1037	1037	1038	1038
1041	1043	1043	1045	1045	1047	1049	1049	1049	1049
1050	1050	1051	1052	1052	1052	1053	1053	1053	1055
1055	1055	1056	1056	1057	1058	1059	1059	1060	1062
1063	1063	1063	1065	1065	1066	1068	1068	1068	1069
1071	1072	1073	1075	1076	1076	1076	1081	1081	1081
1082	1083	1083	1083	1084	1084	1086	1087	1087	1088
1089	1090	1091	1091	1092	1094	1096	1097	1097	1097
1098	1098	1099	1100	1105	1106	1107	1107	1108	1109
1109	1111	1112	1112	1114	1116	1116	1117	1117	1117
1118	1120	1120	1121	1122	1125	1126	1127	1129	1129
1130	1133	1134	1135	1136	1136	1139	1139	1142	1143
1147	1147	1148	1148	1150	1150	1151	1151	1151	1152
1154	1154	1156	1158	1160	1161	1165	1166	1167	1168
1169	1169	1170	1170	1170	1170	1170	1173	1173	1173
1173	1174	1175	1175	1178	1181	1182	1182	1183	1184
1184	1184	1185	1191	1191	1192	1192	1196	1197	1197
1200	1201	1206	1208	1209	1210	1211	1212	1213	1214
1216	1217	1218	1218	1219	1219	1220	1220	1221	1222
1222	1224	1225	1226	1227	1227	1229	1229	1230	1230
1230	1231	1232	1234	1236	1237	1237	1237	1238	1240
1241	1241	1244	1244	1244	1247	1247	1247	1249	1250
1251	1254	1254	1254	1255	1257	1258	1258	1262	1262
1264	1264	1265	1266	1267	1267	1267	1267	1269	1269
1271	1271	1271	1271	1272	1273	1273	1274	1274	1274
1275	1276	1277	1277	1278	1278	1278	1279	1280	1280
1282	1282	1283	1283	1284	1285	1286	1286	1287	1289
1289	1290	1291	1293	1297	1298	1298	1299	1300	1300
1302	1303	1305	1305	1306	1306	1306	1307	1307	1307
1309	1309	1310	1311	1311	1312	1314	1316	1319	1320
1320	1320	1320	1322	1323	1324	1324	1326	1327	1328
1328	1329	1333	1334	1335	1335	1335	1336	1336	1336
1337	1338	1340	1340	1341	1346	1347	1348	1349	1354
1356	1356	1358	1360	1360	1363	1363	1364	1364	1365
1365	1365	1367	1367	1368	1368	1368	1369	1371	1371
1375	1376	1376	1378	1378	1379	1380	1381	1383	1383
1383	1385	1385	1387	1389	1390	1390	1393	1396	1396
1397	1400	1402	1405	1405	1406	1407	1408	1409	1409
1410	1413	1413	1414	1417	1420	1421	1422	1424	1424
1425	1426	1426	1428	1428	1429	1430	1431	1432	1433
1435	1436	1436	1436	1436	1437	1437	1438	1442	1444
1445	1446	1447	1450	1451	1451	1451	1451	1453	1453
1453	1456	1456	1456	1457	1458	1459	1461	1462	1463
1463	1464	1466	1467	1470	1470	1474	1474	1475	1475
1475	1476	1476	1477	1479	1479	1480	1480	1480	1480
1480	1481	1481	1482	1483	1484	1484	1484	1485	1485
1485	1486	1487	1488	1488	1488	1488	1490	1492	1493
1494	1495	1497	1497	1498	1498	1502	1502	1506	1507
1509	1510	1511	1512	1517	1517	1518	1518	1518	1518
1519	1521	1521	1521	1521	1521	1522	1523	1524	1525
1526	1527	1528	1528	1528	1528	1530	1532	1533	1533
1534	1534	1534	1535	1536	1536	1540	1540	1541	1542
1544	1545	1545	1545	1546	1546	1547	1547	1549	1549
1549	1550	1550	1552	1554	1555	1557	1559	1559	1560
1561	1563	1565	1565	1565	1566	1566	1567	1567	1568
1569	1569	1571	1572	1572	1573	1575	1575	1576	1577
1578	1578	1579	1580	1580	1580	1581	1581	1581	1582
1583	1585	1586	1587	1587	1587	1588	1593	1593	1593
1594	1596	1596	1598	1599	1599	1600	1602	1606	1607
1607	1607	1607	1608	1608	1609	1610	1612	1612	1614
1615	1616	1616	1617	1617	1617	1617	1619	1620	1620
1622	1623	1623	1624	1627	1627	1627	1627	1628	1628
1630	1631	1632	1633	1634	1634	1635	1635	1635	1636
1637	1638	1638	1639	1641	1642	1643	1644	1645	1645
1646	1647	1647	1647	1649	1650	1651	1652	1652	1653
1653	1654	1654	1655	1655	1657	1657	1658	1658	1659
1659	1660	1660	1661	1662	1663	1663	1664	1665	1665
1665	1666	1666	1666	1666	1667	1667	1667	1668	1669
1669	1670	1670	1670	1673	1673	1673	1674	1674	1674
1675	1676	1677	1679	1679	1679	1680	1680	1681	1681
1681	1683	1683	1685	1685	1688	1689	1690	1692	1692
1692	1693	1694	1695	1695	1696	1700	1700	1702	1702
1702	1703	1705	1707	1708	1708	1708	1710	1711	1713
1713	1713	1713	1714	1714	1716	1716	1717	1717	1718
1720	1722	1722	1722	1722	1722	1724	1724	1724	1725
1727	1729	1729	1729	1730	1731	1731	1732	1732	1733
1735	1735	1736	1739	1740	1740	1741	1741	1743	1744
1744	1744	1745	1746	1747	1747	1748	1748	1749	1749
1751	1753	1753	1753	1754	1756	1756	1756	1756	1757
1759	1760	1761	1761	1761	1762	1763	1764	1766	1766
1767	1768	1768	1769	1770	1771	1771	1772	1772	1773
1773	1774	1775	1776	1776	1776	1777	1778	1779	1779
1780	1780	1781	1781	1783	1784	1784	1786	1787	1789
1791	1792	1792	1793	1793	1795	1795	1796	1797	1800
1800	1800	1803	1803	1804	1804	1806	1809	1812	1813
1813	1815	1815	1815	1817	1817	1818	1819	1820	1822
1825	1826	1826	1826	1828	1831	1832	1833	1833	1834
1835	1835	1835	1835	1836	1836	1836	1842	1842	1842
1842	1844	1845	1846	1846	1849	1849	1849	1849	1850
1851	1851	1851	1852	1852	1853	1855	1855	1857	1857
1858	1859	1859	1861	1861	1862	1864	1864	1864	1864
1864	1866	1866	1866	1867	1867	1869	1871	1872	1872
1873	1873	1874	1874	1875	1876	1877	1877	1880	1880
1880	1882	1883	1883	1889	1890	1891	1891	1891	1893
1893	1894	1894	1896	1896	1896	1896	1896	1896	1896
1897	1897	1898	1899	1901	1903	1903	1904	1904	1905
1906	1906	1907	1908	1910	1910	1911	1912	1913	1913
1915	1915	1916	1917	1919	1919	1919	1920	1921	1921
1922	1923	1923	1923	1924	1924	1924	1925	1925	1926
1926	1926	1926	1927	1928	1928	1929	1929	1929	1932
1932	1932	1933	1933	1933	1933	1933	1934	1934	1934
1934	1935	1938	1939	1940	1941	1942	1943	1943	1943
1945	1945	1947	1950	1950	1952	1954	1954	1954	1955
1956	1957	1957	1957	1958	1959	1959	1959	1959	1960
1961	1963	1965	1966	1966	1966	1966	1967	1967	1968
1968	1969	1969	1970	1971	1971	1973	1974	1975	1975
1977	1977	1977	1977	1978	1978	1978	1979	1984	1985
1985	1985	1987	1988	1988	1989	1990	1991	1991	1992
1992	1993	1993	1994	1995	1995	1995	1997	1997	1998
1998	1999	2000	2001	2004	2005	2006	2008	2008	2010
2010	2011	2013	2013	2016	2017	2017	2019	2019	2021
2021	2021	2023	2023	2024	2027	2027	2027	2028	2028
2028	2029	2030	2030	2032	2032	2033	2033	2033	2036
2036	2039	2039	2039	2040	2040	2042	2042	2043	2044
2044	2044	2044	2045	2045	2046	2047	2048	2049	2051
2052	2053	2053	2054	2054	2055	2055	2056	2056	2056
2057	2057	2058	2058	2059	2060	2060	2060	2063	2063
2065	2065	2065	2066	2066	2068	2069	2069	2069	2071
2071	2072	2075	2075	2075	2076	2076	2078	2078	2079
2081	2082	2082	2083	2085	2085	2085	2085	2086	2090
2090	2090	2092	2092	2093	2094	2094	2094	2095	2098
2100	2101	2101	2101	2102	2103	2103	2103	2105	2107
2110	2110	2111	2111	2113	2114	2115	2116	2118	2118
2119	2120	2122	2124	2125	2125	2128	2128	2130	2130
2131	2131	2133	2133	2134	2135	2137	2138	2138	2141
2141	2142	2142	2142	2143	2143	2144	2146	2149	2149
2150	2150	2150	2151	2151	2152	2153	2154	2155	2156
2156	2156	2158	2158	2159	2159	2159	2159	2160	2161
2162	2163	2163	2167	2168	2168	2169	2169	2169	2170
2171	2174	2175	2177	2178	2180	2180	2181	2184	2185
2185	2187	2187	2187	2188	2188	2190	2190	2190	2191
2191	2193	2194	2195	2195	2196	2197	2198	2199	2199
2199	2199	2200	2200	2201	2203	2204	2204	2205	2205
2206	2207	2209	2209	2212	2214	2215	2216	2217	2218
2218	2219	2220	2221	2222	2223	2224	2225	2225	2229
2230	2230	2231	2232	2233	2233	2237	2238	2239	2239
2240	2240	2241	2241	2243	2244	2245	2245	2246	2247
2247	2248	2251	2251	2251	2252	2253	2253	2253	2254
2255	2255	2255	2255	2256	2257	2259	2260	2260	2260
2262	2263	2263	2264	2264	2265	2265	2266	2267	2270
2270	2271	2272	2272	2274	2277	2277	2277	2278	2278
2279	2279	2279	2280	2280	2286	2289	2292	2292	2294
2294	2296	2296	2296	2296	2298	2299	2300	2301	2301
2302	2302	2305	2306	2306	2308	2311	2311	2312	2313
2313	2314	2319	2321	2321	2323	2323	2325	2326	2326
2327	2328	2328	2329	2329	2329	2330	2330	2330	2331
2331	2332	2332	2333	2334	2335	2335	2336	2336	2337
2337	2337	2338	2339	2341	2341	2341	2341	2343	2343
2343	2344	2346	2347	2347	2347	2347	2347	2348	2348
2348	2352	2352	2354	2355	2355	2356	2356	2357	2357
2357	2357	2358	2360	2360	2362	2362	2363	2363	2363
2364	2365	2365	2366	2367	2367	2368	2368	2368	2369
2369	2369	2369	2370	2372	2373	2375	2376	2376	2377
2378	2381	2381	2382	2383	2383	2384	2385	2386	2386
2388	2389	2392	2393	2393	2393	2395	2395	2397	2397
2398	2398	2398	2400	2400	2400	2401	2403	2405	2406
2406	2407	2408	2409	2409	2411	2413	2414	2415	2417
2417	2418	2418	2418	2419	2419	2420	2420	2420	2421
2421	2421	2421	2422	2424	2426	2427	2431	2432	2432
2433	2434	2435	2436	2437	2437	2438	2439	2439	2439
2440	2440	2440	2440	2441	2442	2443	2445	2445	2446
2447	2449	2450	2450	2450	2451	2452	2452	2452	2453
2455	2456	2457	2457	2457	2457	2459	2459	2460	2462
2463	2464	2464	2466	2472	2475	2477	2478	2478	2479
2481	2482	2483	2485	2488	2488	2490	2490	2490	2491
2492	2494	2495	2496	2497	2497	2497	2498	2499	2500
2504	2505	2505	2507	2509	2511	2511	2514	2514	2515
2517	2517	2518	2518	2522	2523	2523	2524	2525	2525
2526	2526	2526	2527	2527	2528	2528	2528	2529	2529
2530	2532	2532	2533	2536	2536	2536	2540	2540	2541
2541	2543	2544	2544	2546	2548	2550	2550	2550	2550
2551	2552	2554	2555	2555	2559	2564	2564	2564	2566
2568	2569	2569	2571	2571	2571	2572	2574	2575	2576
2577	2577	2581	2582	2582	2583	2583	2584	2586	2586
2587	2587	2587	2587	2589	2589	2592	2593	2593	2594
2597	2599	2600	2600	2601	2609	2611	2611	2611	2611
2611	2612	2612	2613	2613	2615	2615	2616	2618	2618
2618	2619	2619	2620	2620	2621	2621	2622	2624	2627
2629	2629	2629	2631	2632	2633	2633	2634	2635	2635
2635	2636	2636	2637	2637	2638	2640	2640	2641	2642
2642	2643	2643	2643	2644	2646	2647	2648	2649	2649
2651	2652	2652	2652	2654	2654	2655	2656	2656	2656
2657	2658	2658	2659	2659	2660	2661	2661	2662	2662
2662	2663	2664	2665	2666	2667	2667	2667	2667	2668
2668	2669	2670	2671	2673	2673	2673	2677	2677	2678
2678	2680	2681	2683	2684	2684	2684	2685	2687	2687
2687	2688	2689	2689	2690	2692	2693	2693	2693	2693
2694	2695	2700	2705	2706	2708	2710	2711	2711	2712
2713	2714	2714	2715	2715	2715	2715	2718	2719	2719
2720	2721	2724	2725	2725	2726	2728	2728	2729	2730
2731	2732	2732	2732	2738	2740	2740	2741	2741	2742
2744	2746	2748	2749	2749	2751	2753	2754	2754	2754
2754	2754	2755	2756	2757	2757	2757	2758	2759	2759
2761	2761	2762	2762	2763	2765	2765	2765	2765	2766
2766	2769	2771	2771	2772	2772	2772	2777	2778	2779
2779	2780	2781	2781	2785	2786	2786	2786	2786	2788
2788	2790	2791	2791	2792	2792	2794	2795	2796	2796
2796	2799	2800	2801	2801	2804	2806	2808	2809	2810
2810	2812	2813	2814	2816	2817	2817	2817	2817	2818
2818	2819	2819	2819	2819	2819	2820	2820	2820	2820
2821	2822	2823	2823	2823	2824	2825	2826	2827	2827
2828	2828	2829	2830	2830	2830	2831	2832	2834	2835
2835	2835	2835	2836	2836	2840	2840	2840	2844	2845
2846	2847	2848	2850	2850	2851	2852	2853	2853	2855
2856	2862	2862	2863	2866	2866	2868	2868	2869	2869
2870	2870	2871	2872	2876	2878	2878	2879	2881	2881
2882	2883	2883	2884	2884	2885	2886	2886	2886	2888
2892	2892	2893	2893	2894	2894	2895	2896	2897	2897
2898	2899	2899	2899	2901	2904	2904	2905	2909	2910
2912	2912	2913	2914	2916	2917	2917	2917	2918	2918
2919	2920	2921	2924	2925	2927	2927	2927	2927	2928
2928	2930	2930	2931	2931	2931	2931	2931	2932	2933
2933	2933	2934	2934	2934	2935	2936	2936	2936	2937
2939	2939	2939	2940	2941	2942	2942	2942	2942	2943
2944	2944	2946	2947	2947	2947	2947	2951	2951	2951
2951	2952	2952	2953	2954	2956	2956	2960	2961	2961
2962	2964	2964	2965	2966	2966	2967	2967	2968	2968
2969	2969	2970	2971	2972	2973	2973	2973	2974	2975
2976	2977	2981	2981	2984	2984	2984	2984	2984	2985
2985	2986	2986	2986	2987	2988	2989	2989	2990	2991
2992	2993	2995	2998	2999	3000	3004	3007	3007	3008
3009	3009	3010	3010	3011	3011	3013	3013	3016	3016
3017	3017	3018	3021	3021	3023	3027	3027	3028	3033
3034	3034	3034	3036	3037	3037	3037	3038	3038	3038
3039	3040	3040	3041	3043	3044	3044	3045	3045	3047
3050	3050	3051	3052	3055	3055	3055	3056	3057	3059
3060	3060	3062	3062	3062	3063	3065	3065	3065	3074
3075	3076	3076	3078	3079	3079	3080	3081	3082	3083
3085	3085	3086	3086	3087	3088	3089	3090	3090	3091
3091	3092	3092	3092	3092	3093	3095	3096	3096	3098
3099	3099	3100	3100	3103	3103	3104	3104	3104	3106
3107	3107	3108	3110	3111	3111	3111	3114	3119	3120
3120	3121	3121	3121	3123	3127	3127	3128	3128	3129
3129	3129	3130	3130	3132	3132	3133	3134	3134	3135
3136	3137	3139	3140	3143	3143	3144	3144	3146	3147
3147	3148	3149	3149	3149	3153	3153	3154	3156	3156
3158	3158	3160	3161	3161	3161	3161	3162	3164	3165
3166	3166	3166	3167	3167	3169	3170	3170	3170	3171
3173	3175	3181	3182	3183	3184	3187	3187	3188	3189
3192	3192	3192	3193	3194	3195	3196	3199	3199	3201
3201	3201	3203	3204	3205	3207	3208	3209	3210	3210
3211	3212	3216	3218	3218	3221	3221	3223	3224	3224
3226	3226	3226	3227	3230	3230	3231	3231	3231	3234
3235	3235	3236	3237	3237	3238	3238	3238	3239	3239
3239	3242	3242	3242	3243	3244	3245	3246	3246	3246
3249	3249	3250	3252	3252	3253	3253	3255	3259	3260
3262	3266	3267	3267	3267	3267	3272	3272	3272	3272
3273	3273	3276	3277	3279	3280	3280	3280	3280	3280
3281	3282	3284	3284	3284	3286	3286	3287	3287	3288
3289	3290	3290	3291	3294	3294	3295	3296	3296	3296
3298	3302	3304	3305	3305	3306	3307	3307	3309	3310
3313	3315	3315	3315	3316	3318	3319	3321	3322	3326
3327	3328	3329	3329	3329	3330	3332	3334	3335	3339
3340	3340	3340	3340	3341	3341	3342	3342	3343	3343
3344	3344	3344	3345	3346	3346	3346	3347	3347	3347
3348	3348	3350	3352	3353	3353	3356	3357	3358	3359
3360	3360	3362	3363	3363	3364	3364	3365	3365	3366
3366	3366	3367	3368	3371	3371	3372	3373	3375	3375
3375	3376	3376	3376	3378	3378	3379	3380	3381	3381
3383	3385	3385	3385	3385	3386	3390	3391	3391	3392
3393	3393	3393	3394	3395	3397	3397	3398	3398	3400
3401	3401	3402	3404	3404	3405	3405	3406	3411	3411
3414	3414	3415	3415	3416	3418	3418	3419	3421	3421
3421	3422	3422	3424	3425	3427	3427	3431	3431	3434
3435	3436	3437	3437	3437	3438	3439	3440	3440	3441
3441	3443	3443	3444	3445	3446	3450	3450	3451	3452
3452	3453	3454	3455	3455	3460	3460	3460	3462	3462
3462	3463	3464	3467	3468	3469	3470	3472	3472	3474
3474	3474	3475	3475	3475	3476	3477	3477	3480	3480
3480	3483	3486	3487	3488	3489	3489	3489	3490	3491
3491	3494	3496	3496	3496	3496	3497	3497	3497	3498
3498	3499	3500	3501	3501	3506	3507	3507	3509	3510
3510	3510	3511	3512	3512	3513	3513	3513	3514	3517
3518	3519	3520	3521	3522	3523	3525	3526	3526	3527
3527	3530	3531	3532	3533	3533	3534	3535	3537	3537
3537	3538	3539	3540	3540	3541	3542	3542	3542	3544
3545	3545	3547	3548	3551	3553	3553	3554	3555	3556
3557	3557	3557	3558	3558	3559	3560	3561	3563	3563
3563	3563	3564	3564	3565	3565	3566	3569	3569	3570
3571	3571	3571	3575	3575	3576	3576	3577	3577	3577
3577	3578	3581	3581	3582	3584	3584	3586	3587	3588
3588	3589	3590	3591	3591	3594	3594	3596	3596	3597
3597	3598	3598	3599	3599	3600	3600	3605	3606	3606
3607	3608	3608	3608	3610	3610	3611	3611	3611	3611
3614	3616	3617	3617	3617	3618	3620	3622	3623	3624
3624	3626	3627	3627	3629	3631	3631	3631	3631	3632
3632	3632	3634	3635	3635	3636	3638	3639	3640	3640
3640	3641	3641	3641	3641	3641	3642	3642	3642	3643
3644	3645	3646	3646	3647	3647	3647	3648	3648	3648
3653	3654	3655	3655	3657	3657	3657	3658	3659	3659
3659	3660	3661	3661	3661	3662	3662	3663	3663	3664
3664	3665	3665	3667	3669	3669	3671	3671	3671	3675
3676	3677	3677	3678	3679	3679	3680	3681	3681	3681
3682	3682	3682	3683	3684	3685	3688	3688	3689	3690
3691	3692	3693	3696	3698	3698	3698	3701	3701	3703
3703	3706	3710	3711	3715	3715	3717	3718	3720	3720
3720	3720	3721	3721	3722	3722	3723	3724	3724	3725
3725	3726	3726	3727	3729	3729	3732	3733	3733	3734
3735	3736	3737	3737	3738	3738	3739	3740	3740	3741
3741	3741	3744	3746	3747	3748	3751	3754	3755	3755
3756	3756	3758	3758	3758	3759	3759	3762	3763	3763
3764	3765	3768	3768	3769	3769	3772	3772	3772	3774
3774	3776	3777	3778	3780	3781	3781	3782	3782	3782
3783	3784	3785	3785	3786	3786	3786	3786	3787	3787
3788	3793	3794	3795	3795	3798	3802	3802	3803	3804
3804	3804	3806	3806	3807	3808	3809	3809	3810	3810
3810	3814	3815	3815	3817	3819	3819	3820	3820	3822
3823	3826	3826	3827	3827	3828	3829	3829	3830	3831
3831	3831	3833	3835	3835	3836	3838	3839	3839	3840
3840	3841	3842	3843	3843	3843	3843	3844	3844	3845
3845	3846	3848	3849	3851	3852	3852	3854	3854	3855
3856	3857	3858	3859	3860	3860	3861	3862	3868	3869
3870	3872	3872	3872	3874	3875	3876	3876	3878	3879
3879	3879	3880	3880	3880	3880	3880	3880	3882	3883
3883	3883	3883	3884	3886	3887	3889	3890	3891	3896
3897	3897	3898	3899	3899	3899	3901	3902	3903	3903
3903	3903	3905	3907	3907	3908	3908	3909	3909	3910
3911	3913	3913	3914	3914	3915	3915	3916	3916	3916
3919	3920	3920	3920	3921	3922	3922	3922	3923	3924
3925	3925	3926	3926	3927	3927	3928	3928	3928	3929
3929	3929	3930	3930	3931	3932	3932	3933	3933	3933
3934	3936	3937	3937	3939	3939	3939	3940	3941	3941
3941	3941	3943	3944	3944	3945	3946	3947	3947	3949
3951	3951	3952	3952	3953	3953	3954	3954	3956	3957
3957	3958	3961	3961	3961	3962	3962	3963	3964	3965
3967	3968	3969	3970	3970	3970	3970	3971	3971	3972
3974	3974	3974	3976	3976	3977	3977	3977	3979	3979
3980	3980	3983	3983	3987	3988	3988	3988	3989	3989
3990	3990	3990	3993	3996	3996	3997	4001	4001	4002
4003	4007	4007	4009	4012	4014	4014	4017	4019	4019
4020	4020	4021	4022	4022	4024	4024	4025	4026	4028
4029	4030	4032	4033	4034	4034	4035	4035	4036	4036
4037	4037	4038	4039	4040	4040	4041	4043	4043	4047
4048	4048	4049	4049	4049	4050	4051	4055	4056	4056
4057	4059	4060	4061	4061	4062	4062	4063	4063	4063
4067	4068	4068	4069	4070	4070	4070	4071	4074	4075
4076	4076	4077	4079	4079	4080	4081	4084	4085	4085
4085	4085	4086	4086	4087	4090	4091	4091	4091	4093
4093	4093	4093	4094	4095	4095	4096	4096	4097	4097
4098	4098	4100	4100	4101	4102	4103	4103	4104	4104
4104	4105	4106	4107	4108	4108	4110	4111	4111	4112
4113	4114	4116	4116	4117	4117	4118	4118	4118	4118
4119	4120	4122	4123	4123	4126	4127	4129	4129	4130
4130	4130	4130	4131	4131	4133	4135	4137	4137	4138
4139	4141	4143	4143	4143	4145	4145	4147	4147	4148
4151	4151	4153	4153	4154	4155	4155	4156	4157	4159
4160	4163	4164	4165	4166	4166	4166	4168	4168	4168
4168	4169	4169	4170	4171	4174	4175	4176	4177	4177
4179	4181	4181	4181	4183	4183	4184	4184	4187	4187
4188	4189	4189	4191	4192	4192	4193	4194	4194	4194
4196	4196	4197	4197	4197	4199	4201	4202	4204	4206
4206	4206	4207	4209	4214	4214	4216	4216	4217	4217
4220	4221	4222	4222	4224	4224	4224	4224	4225	4227
4228	4229	4231	4231	4232	4232	4233	4233	4233	4234
4234	4235	4235	4236	4237	4238	4238	4240	4240	4240
4241	4241	4243	4246	4247	4248	4249	4249	4250	4252
4253	4254	4254	4254	4255	4256	4256	4257	4257	4257
4258	4258	4259	4260	4260	4261	4262	4262	4263	4266
4267	4267	4267	4268	4268	4269	4270	4271	4273	4273
4276	4278	4279	4280	4283	4284	4286	4287	4287	4287
4288	4289	4289	4290	4290	4291	4292	4293	4293	4294
4294	4294	4295	4297	4299	4300	4300	4301	4302	4305
4307	4307	4309	4309	4309	4310	4310	4311	4311	4312
4314	4314	4315	4315	4316	4316	4317	4318	4320	4320
4320	4321	4325	4325	4326	4328	4328	4330	4330	4330
4331	4332	4332	4333	4333	4335	4335	4336	4336	4337
4338	4338	4339	4341	4341	4342	4342	4342	4343	4344
4344	4346	4347	4347	4349	4349	4349	4350	4350	4351
4351	4352	4353	4354	4354	4355	4356	4356	4357	4359
4360	4361	4362	4362	4363	4363	4365	4365	4366	4368
4368	4368	4369	4369	4369	4369	4371	4372	4373	4373
4374	4374	4375	4376	4378	4378	4379	4379	4380	4380
4381	4382	4382	4386	4386	4387	4388	4388	4389	4389
4389	4390	4391	4392	4393	4394	4395	4396	4396	4397
4397	4398	4400	4400	4403	4405	4406	4408	4409	4410
4411	4411	4412	4413	4415	4415	4417	4417	4418	4419
4419	4420	4420	4420	4420	4421	4421	4421	4422	4422
4423	4423	4424	4424	4425	4426	4427	4427	4429	4429
4429	4430	4431	4432	4433	4435	4436	4436	4439	4440
4441	4442	4442	4444	4444	4446	4446	4448	4448	4451
4452	4452	4454	4454	4454	4456	4457	4457	4457	4458
4459	4459	4461	4462	4462	4463	4464	4464	4464	4465
4466	4466	4467	4467	4467	4467	4468	4468	4468	4470
4471	4473	4473	4473	4474	4474	4475	4476	4476	4477
4478	4478	4478	4478	4479	4479	4479	4479	4481	4481
4482	4482	4483	4483	4484	4484	4484	4486	4486	4486
4486	4486	4487	4488	4488	4489	4489	4490	4491	4491
4491	4491	4493	4495	4495	4496	4498	4498	4498	4499
4499	4501	4502	4502	4502	4503	4505	4505	4506	4507
4508	4508	4509	4511	4512	4512	4512	4512	4513	4515
4517	4518	4518	4518	4522	4522	4524	4524	4524	4525
4525	4526	4526	4526	4528	4529	4529	4532	4537	4539
4539	4539	4540	4541	4542	4542	4545	4546	4546	4546
4547	4547	4551	4552	4553	4553	4553	4556	4559	4560
4561	4561	4562	4563	4563	4563	4563	4564	4566	4568
4571	4572	4572	4573	4574	4576	4577	4577	4579	4582
4583	4584	4584	4585	4586	4586	4586	4587	4587	4587
4588	4589	4590	4590	4591	4591	4591	4592	4592	4592
4593	4593	4595	4598	4598	4599	4599	4600	4600	4602
4602	4604	4605	4607	4608	4609	4610	4611	4612	4612
4614	4616	4617	4617	4618	4618	4619	4621	4622	4622
4623	4625	4625	4626	4626	4627	4628	4634	4634	4635
4637	4638	4640	4641	4641	4641	4643	4643	4644	4645
4646	4646	4646	4648	4648	4648	4649	4649	4650	4651
4653	4654	4655	4657	4659	4660	4660	4660	4660	4662
4662	4662	4663	4664	4664	4664	4667	4667	4668	4669
4669	4670	4670	4672	4672	4672	4673	4674	4676	4676
4676	4677	4678	4678	4678	4679	4680	4681	4684	4684
4684	4686	4686	4686	4687	4687	4687	4687	4688	4688
4691	4691	4691	4694	4694	4697	4697	4699	4699	4699
4702	4704	4705	4707	4707	4708	4710	4710	4711	4713
4714	4715	4716	4717	4717	4721	4722	4722	4723	4724
4724	4725	4725	4726	4726	4728	4728	4730	4731	4732
4732	4733	4733	4735	4736	4736	4739	4739	4740	4740
4742	4743	4743	4744	4744	4744	4746	4746	4747	4748
4749	4750	4750	4754	4756	4756	4756	4756	4757	4759
4760	4765	4766	4766	4766	4767	4768	4771	4772	4772
4772	4772	4773	4773	4773	4774	4774	4776	4776	4777
4777	4778	4778	4782	4783	4783	4784	4784	4785	4787
4787	4788	4789	4791	4792	4792	4795	4796	4796	4799
4799	4800	4800	4802	4802	4802	4803	4804	4805	4807
4807	4808	4810	4810	4810	4811	4811	4811	4812	4813
4814	4815	4817	4819	4819	4819	4820	4821	4821	4821
4823	4823	4824	4824	4825	4826	4828	4828	4829	4829
4829	4829	4830	4832	4832	4834	4835	4835	4835	4836
4836	4838	4838	4838	4838	4839	4840	4840	4841	4842
4842	4843	4844	4844	4844	4844	4845	4846	4847	4847
4849	4850	4852	4852	4855	4855	4855	4855	4857	4860
4860	4860	4861	4862	4862	4862	4863	4864	4864	4865
4866	4867	4867	4868	4868	4869	4869	4870	4872	4872
4874	4874	4876	4877	4878	4878	4878	4879	4880	4881
4881	4883	4883	4885	4888	4888	4888	4890	4892	4892
4893	4893	4894	4895	4895	4896	4897	4897	4897	4898
4898	4900	4900	4900	4901	4904	4905	4905	4905	4905
4907	4909	4910	4910	4910	4911	4913	4913	4913	4914
4918	4918	4919	4919	4919	4919	4921	4923	4924	4924
4924	4925	4929	4930	4932	4933	4933	4934	4934	4934
4935	4936	4938	4938	4939	4941	4941	4943	4943	4944
4945	4947	4948	4948	4948	4949	4950	4950	4951	4952
4952	4952	4953	4953	4954	4956	4956	4957	4958	4960
4962	4965	4966	4966	4967	4968	4968	4969	4971	4972
4973	4974	4974	4975	4976	4977	4978	4979	4980	4980
4981	4982	4982	4983	4984	4986	4987	4987	4988	4990
4990	4991	4991	4992	4993	4993	4994	4995	4996	4997
4998	4999	5000	5000	5000	5001	5002	5003	5003	5003
5004	5005	5009	5011	5012	5015	5015	5017	5018	5018
5019	5019	5020	5021	5022	5022	5023	5023	5024	5024
5026	5027	5028	5028	5030	5032	5032	5032	5033	5034
5035	5035	5036	5037	5037	5037	5039	5039	5040	5042
5042	5043	5044	5044	5045	5046	5047	5047	5051	5051
5052	5052	5052	5052	5053	5054	5054	5055	5055	5055
5056	5056	5056	5056	5058	5062	5062	5063	5064	5064
5067	5067	5067	5067	5067	5068	5069	5069	5070	5071
5073	5076	5078	5079	5079	5080	5081	5085	5085	5086
5086	5088	5089	5090	5090	5092	5092	5094	5094	5095
5095	5095	5096	5096	5098	5099	5101	5101	5101	5102
5102	5103	5103	5104	5105	5106	5106	5108	5108	5109
5111	5114	5115	5115	5115	5118	5118	5118	5118	5118
5119	5123	5123	5124	5124	5125	5125	5125	5127	5127
5129	5129	5130	5130	5130	5132	5133	5134	5134	5135
5136	5137	5138	5140	5140	5143	5143	5143	5143	5144
5145	5146	5146	5147	5147	5147	5148	5149	5153	5153
5155	5157	5157	5157	5158	5158	5160	5160	5162	5162
5163	5164	5166	5170	5171	5172	5173	5174	5174	5175
5176	5177	5178	5180	5180	5181	5182	5182	5182	5183
5183	5184	5185	5186	5187	5189	5189	5190	5192	5192
5194	5194	5195	5196	5196	5198	5199	5200	5200	5201
5203	5203	5204	5204	5205	5205	5205	5205	5206	5206
5207	5207	5208	5208	5209	5209	5211	5212	5212	5213
5213	5214	5214	5214	5215	5217	5217	5218	5218	5219
5219	5220	5221	5222	5224	5226	5227	5227	5228	5230
5234	5234	5235	5235	5236	5237	5237	5238	5239	5240
5243	5243	5245	5245	5245	5245	5246	5246	5249	5250
5250	5253	5254	5255	5255	5257	5259	5260	5260	5264
5264	5264	5264	5266	5267	5267	5269	5269	5271	5271
5274	5274	5276	5276	5276	5279	5281	5281	5283	5283
5283	5284	5284	5285	5285	5286	5287	5290	5290	5292
5293	5293	5293	5294	5294	5294	5296	5298	5299	5300
5300	5300	5300	5300	5300	5300	5302	5302	5304	5305
5305	5305	5305	5306	5307	5307	5308	5309	5309	5310
5310	5310	5312	5314	5314	5314	5315	5315	5315	5316
5317	5318	5318	5320	5323	5324	5325	5326	5326	5327
5327	5328	5330	5331	5332	5333	5336	5336	5336	5337
5338	5338	5338	5339	5340	5340	5341	5344	5345	5345
5347	5347	5348	5348	5348	5349	5349	5350	5351	5353
5354	5354	5354	5355	5356	5358	5358	5359	5360	5361
5361	5362	5362	5362	5362	5362	5363	5366	5368	5368
5369	5371	5373	5374	5374	5374	5377	5380	5380	5381
5382	5383	5383	5383	5385	5386	5387	5387	5388	5389
5389	5389	5389	5390	5392	5393	5396	5398	5399	5400
5407	5407	5407	5411	5413	5414	5415	5415	5416	5417
5418	5419	5419	5419	5420	5421	5422	5423	5424	5424
5426	5427	5427	5428	5431	5431	5431	5432	5433	5433
5434	5434	5435	5435	5435	5435	5436	5436	5436	5437
5438	5440	5440	5440	5441	5442	5442	5444	5444	5446
5446	5446	5447	5447	5449	5449	5451	5452	5453	5457
5459	5459	5460	5460	5461	5461	5462	5462	5462	5463
5463	5463	5464	5465	5465	5465	5466	5466	5467	5467
5467	5468	5468	5468	5469	5470	5470	5470	5471	5472
5476	5476	5477	5477	5477	5477	5478	5480	5480	5481
5481	5481	5482	5483	5484	5485	5486	5490	5490	5490
5494	5494	5495	5497	5499	5500	5501	5502	5502	5503
5503	5504	5505	5506	5507	5508	5508	5508	5510	5512
5512	5514	5514	5515	5515	5515	5516	5519	5521	5521
5522	5524	5526	5526	5528	5529	5531	5531	5535	5535
5536	5537	5537	5539	5540	5542	5546	5548	5548	5549
5549	5551	5551	5552	5552	5553	5553	5556	5556	5558
5559	5559	5561	5562	5562	5563	5567	5568	5570	5570
5573	5573	5574	5575	5575	5575	5575	5576	5576	5576
5578	5578	5580	5581	5581	5581	5583	5583	5583	5583
5584	5585	5585	5586	5587	5589	5589	5591	5594	5595
5595	5596	5598	5599	5600	5600	5601	5604	5604	5605
5605	5606	5606	5606	5606	5607	5608	5609	5610	5610
5611	5613	5618	5618	5620	5620	5620	5621	5621	5623
5624	5625	5625	5626	5627	5627	5627	5629	5629	5630
5631	5631	5632	5634	5634	5634	5634	5636	5636	5638
5639	5642	5643	5646	5648	5648	5649	5650	5652	5653
5655	5655	5655	5657	5658	5659	5659	5661	5662	5662
5662	5663	5664	5665	5665	5665	5666	5666	5667	5667
5668	5669	5669	5670	5670	5672	5674	5675	5677	5678
5678	5678	5678	5678	5679	5680	5681	5681	5683	5683
5683	5683	5685	5686	5687	5688	5688	5689	5689	5689
5691	5692	5692	5692	5693	5696	5698	5699	5699	5702
5704	5704	5704	5705	5708	5709	5710	5710	5710	5711
5711	5713	5713	5713	5714	5714	5714	5714	5716	5717
5718	5719	5719	5721	5722	5722	5724	5725	5726	5726
5728	5730	5731	5731	5732	5733	5734	5734	5735	5736
5736	5738	5741	5741	5742	5743	5743	5744	5745	5746
5747	5749	5751	5751	5752	5752	5753	5754	5755	5756
5756	5757	5757	5758	5758	5759	5760	5760	5760	5762
5764	5764	5765	5765	5767	5769	5770	5772	5774	5774
5775	5776	5777	5777	5777	5778	5778	5779	5780	5782
5785	5787	5787	5788	5789	5791	5791	5793	5793	5797
5797	5797	5797	5797	5800	5801	5801	5801	5801	5801
5802	5807	5808	5809	5809	5809	5810	5810	5811	5811
5811	5812	5814	5814	5815	5816	5817	5817	5821	5822
5822	5823	5823	5825	5826	5827	5828	5828	5829	5829
5831	5832	5835	5837	5837	5839	5839	5844	5845	5846
5847	5847	5848	5850	5851	5852	5852	5853	5855	5856
5859	5861	5862	5862	5863	5863	5864	5864	5866	5866
5868	5868	5868	5869	5873	5873	5875	5875	5877	5878
5878	5879	5880	5882	5883	5884	5885	5886	5887	5888
5889	5889	5890	5891	5891	5894	5894	5895	5896	5898
5899	5900	5902	5903	5904	5906	5907	5907	5907	5909
5909	5910	5910	5911	5911	5911	5911	5912	5914	5914
5914	5914	5914	5914	5916	5917	5917	5921	5921	5922
5923	5923	5925	5926	5926	5926	5927	5927	5930	5933
5933	5934	5934	5934	5935	5936	5936	5938	5940	5941
5941	5943	5943	5944	5944	5945	5948	5949	5949	5950
5951	5951	5953	5954	5954	5954	5955	5955	5957	5960
5961	5962	5963	5963	5963	5963	5964	5965	5965	5967
5967	5968	5968	5968	5969	5970	5971	5971	5972	5972
5973	5973	5973	5973	5973	5974	5974	5974	5975	5976
5976	5977	5977	5978	5978	5979	5979	5980	5981	5982
5982	5982	5983	5983	5984	5984	5984	5985	5988	5988
5989	5990	5991	5993	5993	5994	5995	5995	5995	5995
5995	5996	6000	6001	6002	6002	6002	6005	6006	6007
6008	6008	6008	6009	6010	6010	6011	6012	6012	6012
6015	6015	6015	6015	6017	6018	6018	6019	6022	6022
6024	6025	6027	6028	6028	6030	6030	6030	6032	6033
6035	6040	6041	6042	6043	6044	6044	6044	6045	6045
6045	6046	6047	6048	6049	6052	6052	6053	6055	6056
6056	6057	6057	6058	6058	6059	6060	6062	6064	6066
6068	6070	6072	6072	6072	6074	6076	6077	6078	6079
6079	6080	6080	6081	6081	6081	6082	6086	6088	6089
6090	6093	6094	6094	6096	6097	6100	6100	6100	6102
6102	6103	6103	6105	6105	6106	6106	6108	6108	6109
6109	6112	6112	6112	6112	6112	6114	6115	6115	6115
6116	6116	6117	6118	6122	6122	6123	6123	6126	6127
6127	6127	6128	6130	6131	6131	6132	6133	6133	6135
6137	6137	6138	6138	6141	6142	6142	6143	6145	6147
6148	6149	6150	6152	6152	6152	6154	6154	6156	6156
6157	6158	6159	6160	6161	6162	6166	6167	6170	6170
6171	6172	6174	6174	6177	6179	6180	6180	6182	6182
6183	6184	6185	6185	6187	6187	6188	6189	6189	6190
6191	6191	6192	6193	6193	6194	6194	6195	6196	6197
6197	6198	6198	6200	6201	6202	6205	6206	6207	6210
6210	6210	6211	6213	6214	6214	6214	6215	6215	6217
6217	6218	6218	6218	6218	6219	6219	6219	6219	6220
6220	6221	6222	6222	6224	6224	6225	6225	6229	6229
6231	6231	6231	6233	6233	6233	6234	6235	6235	6236
6237	6239	6239	6239	6239	6239	6240	6240	6241	6241
6242	6243	6244	6245	6246	6247	6248	6248	6250	6250
6253	6253	6253	6253	6254	6255	6255	6256	6257	6257
6260	6261	6261	6263	6263	6264	6266	6267	6267	6268
6268	6268	6269	6269	6269	6270	6271	6271	6272	6272
6273	6273	6274	6277	6277	6277	6278	6278	6278	6278
6279	6280	6280	6280	6282	6285	6285	6286	6286	6288
6288	6288	6288	6288	6288	6289	6290	6290	6290	6290
6291	6292	6292	6294	6294	6297	6298	6301	6301	6302
6302	6303	6306	6309	6310	6312	6312	6316	6317	6317
6318	6318	6326	6327	6328	6329	6330	6333	6333	6334
6334	6335	6337	6338	6342	6342	6344	6344	6345	6346
6346	6347	6348	6348	6348	6348	6350	6350	6351	6351
6351	6353	6354	6354	6355	6356	6360	6360	6361	6361
6362	6362	6362	6362	6363	6364	6368	6368	6369	6369
6370	6370	6371	6373	6376	6376	6377	6377	6378	6379
6379	6383	6383	6387	6387	6387	6388	6388	6389	6389
6390	6391	6392	6392	6393	6394	6397	6399	6400	6402
6402	6403	6403	6404	6405	6406	6406	6406	6408	6408
6409	6409	6410	6411	6411	6412	6414	6414	6416	6417
6418	6418	6420	6421	6423	6423	6425	6427	6427	6428
6428	6429	6430	6431	6433	6437	6437	6437	6437	6438
6439	6439	6440	6442	6443	6444	6445	6447	6451	6454
6455	6455	6456	6456	6457	6458	6460	6464	6465	6466
6468	6468	6468	6469	6469	6469	6470	6472	6473	6474
6476	6476	6476	6477	6477	6478	6478	6479	6479	6482
6482	6483	6483	6484	6485	6486	6489	6490	6492	6496
6499	6499	6501	6501	6501	6501	6502	6506	6506	6507
6508	6508	6508	6509	6509	6509	6511	6512	6514	6514
6515	6517	6517	6518	6518	6518	6518	6518	6520	6520
6523	6523	6526	6526	6527	6528	6528	6529	6529	6531
6532	6533	6534	6534	6535	6536	6537	6537	6539	6539
6540	6540	6541	6542	6543	6543	6544	6546	6547	6548
6551	6552	6552	6552	6552	6553	6554	6555	6555	6556
6556	6557	6559	6560	6561	6561	6564	6564	6569	6569
6571	6572	6572	6573	6573	6574	6574	6574	6580	6580
6580	6581	6583	6583	6583	6583	6584	6585	6586	6586
6586	6586	6586	6588	6590	6590	6591	6591	6592	6592
6592	6593	6596	6597	6598	6599	6600	6600	6602	6602
6602	6603	6604	6604	6605	6605	6608	6608	6608	6609
6609	6610	6610	6611	6612	6613	6615	6620	6620	6626
6627	6628	6628	6628	6631	6631	6636	6637	6638	6638
6638	6639	6640	6640	6641	6645	6645	6645	6646	6647
6648	6650	6650	6650	6651	6653	6656	6656	6657	6658
6658	6659	6659	6660	6660	6660	6661	6663	6663	6664
6664	6665	6665	6668	6668	6668	6669	6672	6672	6673
6674	6675	6677	6679	6680	6680	6681	6681	6681	6681
6682	6683	6683	6685	6688	6690	6691	6692	6692	6693
6694	6694	6695	6697	6697	6697	6698	6700	6701	6702
6702	6703	6705	6705	6705	6706	6707	6708	6711	6713
6714	6715	6715	6715	6716	6716	6716	6716	6717	6717
6719	6720	6721	6723	6723	6723	6724	6724	6724	6726
6726	6726	6728	6729	6730	6730	6733	6734	6735	6736
6739	6740	6741	6741	6741	6741	6741	6742	6744	6744
6746	6746	6748	6750	6750	6751	6751	6752	6753	6753
6754	6754	6755	6756	6758	6759	6760	6760	6761	6762
6762	6763	6763	6763	6764	6767	6769	6769	6769	6770
6773	6775	6775	6776	6777	6777	6779	6780	6781	6781
6782	6782	6783	6785	6786	6787	6789	6789	6789	6789
6790	6792	6793	6795	6796	6798	6799	6800	6801	6801
6802	6803	6803	6807	6810	6812	6814	6817	6817	6818
6819	6819	6821	6821	6821	6823	6823	6824	6824	6824
6826	6826	6826	6826	6828	6828	6829	6830	6830	6831
6831	6833	6833	6834	6834	6838	6838	6838	6841	6846
6846	6848	6849	6849	6850	6851	6851	6851	6852	6853
6855	6856	6857	6857	6857	6857	6857	6859	6860	6863
6864	6864	6864	6864	6866	6868	6868	6869	6870	6870
6871	6872	6872	6873	6873	6873	6874	6875	6876	6877
6877	6878	6879	6880	6880	6881	6883	6884	6886	6886
6887	6888	6888	6888	6888	6889	6890	6891	6892	6893
6894	6894	6894	6897	6898	6898	6900	6902	6904	6904
6905	6905	6905	6907	6907	6909	6910	6910	6912	6913
6913	6913	6914	6914	6914	6914	6915	6915	6917	6919
6922	6924	6925	6926	6927	6927	6928	6929	6929	6930
6930	6935	6935	6937	6938	6940	6941	6942	6942	6944
6945	6945	6945	6946	6946	6947	6950	6951	6953	6955
6955	6955	6957	6957	6959	6960	6960	6962	6964	6965
6966	6967	6968	6968	6970	6971	6971	6973	6975	6977
6979	6979	6980	6981	6982	6982	6983	6983	6984	6984
6984	6985	6985	6985	6985	6987	6988	6988	6988	6989
6990	6991	6993	6993	6994	6995	6995	6996	6997	6997
6997	6997	6998	6999	6999	7000	7000	7000	7002	7002
7004	7004	7005	7006	7006	7006	7007	7007	7009	7010
7010	7012	7012	7013	7013	7014	7015	7015	7016	7017
7017	7018	7019	7019	7021	7021	7021	7022	7023	7023
7027	7028	7030	7030	7032	7034	7034	7035	7037	7037
7038	7038	7038	7038	7041	7042	7043	7043	7043	7044
7046	7047	7047	7047	7048	7048	7050	7052	7053	7053
7053	7054	7055	7055	7055	7056	7056	7060	7060	7062
7062	7065	7065	7066	7066	7067	7067	7068	7069	7069
7071	7071	7072	7076	7076	7077	7081	7083	7083	7083
7083	7084	7086	7087	7087	7089	7091	7092	7094	7098
7098	7099	7100	7101	7104	7105	7106	7106	7107	7108
7108	7108	7110	7110	7111	7111	7111	7113	7114	7116
7116	7117	7117	7117	7118	7118	7119	7119	7119	7120
7123	7123	7123	7124	7125	7125	7125	7125	7127	7127
7130	7130	7130	7131	7131	7131	7131	7131	7132	7132
7132	7134	7135	7135	7135	7135	7138	7138	7140	7143
7143	7144	7145	7148	7148	7148	7149	7149	7150	7151
7154	7154	7155	7156	7156	7157	7157	7158	7159	7160
7162	7163	7164	7167	7167	7168	7170	7170	7170	7171
7172	7172	7172	7172	7173	7175	7175	7176	7177	7177
7178	7178	7178	7178	7179	7179	7179	7179	7180	7180
7180	7183	7185	7185	7186	7187	7189	7189	7190	7191
7193	7194	7194	7195	7196	7196	7197	7198	7198	7199
7201	7202	7204	7204	7204	7204	7206	7208	7208	7210
7210	7211	7211	7211	7212	7212	7214	7215	7216	7217
7217	7217	7217	7217	7218	7220	7221	7222	7224	7224
7225	7228	7229	7229	7230	7231	7232	7232	7235	7235
7236	7236	7237	7238	7238	7239	7240	7240	7242	7242
7242	7243	7247	7248	7249	7250	7250	7251	7252	7252
7253	7255	7256	7256	7258	7261	7262	7262	7263	7264
7265	7265	7266	7266	7267	7268	7268	7268	7269	7270
7271	7274	7274	7274	7275	7278	7278	7279	7280	7282
7283	7283	7284	7285	7285	7287	7289	7289	7289	7290
7290	7291	7291	7292	7293	7294	7294	7294	7295	7296
7296	7297	7297	7299	7300	7301	7301	7305	7307	7307
7308	7309	7309	7311	7311	7311	7313	7316	7316	7317
7317	7317	7317	7318	7318	7318	7318	7320	7321	7321
7321	7321	7322	7323	7324	7324	7324	7325	7325	7327
7328	7329	7331	7331	7331	7332	7333	7335	7335	7338
7339	7341	7341	7341	7344	7344	7344	7344	7344	7345
7345	7346	7346	7349	7350	7351	7351	7355	7357	7358
7358	7359	7360	7360	7361	7361	7361	7367	7367	7368
7371	7372	7373	7373	7375	7375	7375	7377	7378	7378
7379	7382	7382	7383	7384	7384	7386	7388	7389	7391
7393	7394	7394	7395	7399	7400	7400	7402	7404	7404
7404	7405	7405	7406	7407	7408	7410	7410	7411	7411
7412	7412	7412	7412	7414	7415	7417	7417	7418	7418
7420	7420	7424	7425	7428	7428	7429	7429	7429	7430
7430	7430	7432	7433	7434	7434	7435	7442	7443	7444
7444	7451	7451	7452	7452	7452	7454	7455	7455	7456
7457	7457	7459	7460	7463	7463	7464	7464	7466	7468
7469	7469	7469	7470	7471	7471	7471	7472	7477	7478
7482	7482	7483	7485	7485	7486	7488	7492	7492	7492
7493	7493	7493	7493	7493	7494	7496	7499	7499	7500
7503	7504	7504	7505	7505	7506	7507	7509	7509	7509
7509	7510	7511	7511	7511	7511	7511	7513	7513	7513
7515	7517	7520	7520	7520	7521	7521	7524	7525	7529
7529	7531	7534	7534	7535	7535	7535	7535	7536	7536
7537	7538	7538	7539	7540	7542	7542	7543	7543	7543
7544	7544	7545	7546	7546	7547	7548	7549	7549	7549
7550	7550	7552	7553	7553	7553	7554	7554	7559	7559
7559	7560	7560	7561	7562	7565	7566	7568	7568	7569
7572	7572	7574	7575	7575	7576	7579	7580	7580	7580
7580	7581	7581	7581	7582	7583	7584	7585	7586	7586
7587	7587	7587	7587	7590	7591	7591	7592	7594	7594
7595	7595	7596	7596	7597	7597	7599	7599	7600	7603
7604	7607	7610	7610	7610	7615	7616	7620	7621	7625
7626	7628	7628	7630	7631	7633	7639	7644	7645	7645
7647	7647	7648	7648	7649	7649	7652	7652	7655	7655
7656	7658	7658	7660	7660	7660	7662	7662	7663	7663
7664	7664	7665	7665	7666	7666	7666	7667	7669	7669
7672	7672	7674	7674	7675	7676	7678	7679	7679	7679
7680	7680	7680	7681	7681	7684	7686	7690	7690	7690
7691	7693	7694	7695	7695	7695	7696	7696	7697	7698
7698	7701	7701	7701	7702	7702	7703	7704	7704	7705
7706	7707	7709	7711	7711	7711	7711	7712	7713	7714
7718	7720	7720	7720	7721	7721	7722	7722	7723	7723
7723	7723	7723	7724	7727	7727	7727	7728	7728	7729
7729	7731	7732	7733	7733	7734	7736	7737	7737	7737
7738	7739	7739	7739	7740	7740	7740	7740	7741	7741
7742	7743	7743	7743	7743	7745	7749	7750	7751	7751
7751	7752	7754	7755	7756	7758	7758	7761	7762	7763
7764	7764	7765	7765	7765	7765	7766	7766	7767	7767
7768	7768	7769	7769	7769	7770	7772	7773	7774	7774
7775	7776	7776	7777	7778	7778	7779	7780	7782	7785
7785	7787	7788	7788	7790	7790	7790	7791	7791	7791
7792	7792	7795	7796	7796	7796	7797	7798	7798	7798
7799	7799	7802	7802	7803	7804	7805	7805	7806	7807
7807	7809	7809	7810	7810	7810	7810	7811	7812	7813
7815	7817	7819	7819	7822	7822	7822	7823	7824	7824
7825	7826	7826	7826	7828	7828	7828	7830	7831	7831
7832	7833	7833	7834	7839	7840	7840	7842	7842	7845
7846	7846	7847	7849	7850	7851	7852	7853	7853	7854
7855	7856	7856	7859	7859	7860	7860	7860	7860	7861
7863	7864	7864	7865	7865	7865	7866	7867	7867	7868
7869	7870	7872	7872	7873	7874	7875	7876	7877	7877
7877	7879	7880	7880	7880	7880	7882	7883	7883	7884
7884	7885	7885	7886	7888	7888	7888	7890	7892	7893
7893	7894	7894	7895	7896	7897	7899	7900	7900	7900
7901	7902	7903	7903	7906	7906	7907	7907	7909	7909
7912	7913	7914	7914	7915	7917	7917	7917	7918	7919
7919	7920	7921	7921	7923	7925	7927	7930	7931	7931
7932	7932	7933	7935	7935	7935	7938	7939	7939	7940
7942	7942	7942	7943	7944	7944	7944	7945	7945	7945
7947	7947	7947	7949	7949	7949	7949	7950	7950	7952
7952	7952	7953	7953	7953	7953	7953	7954	7954	7955
7956	7958	7958	7958	7958	7959	7960	7961	7964	7964
7965	7966	7967	7968	7970	7970	7972	7972	7973	7973
7974	7975	7977	7979	7980	7980	7981	7981	7984	7985
7985	7988	7989	7989	7990	7991	7992	7993	7994	7995
7995	7998	8000	8000	8003	8007	8007	8008	8010	8010
8013	8013	8014	8014	8014	8015	8015	8017	8018	8019
8020	8021	8022	8022	8023	8023	8023	8024	8024	8025
8026	8029	8030	8030	8030	8031	8031	8035	8038	8038
8041	8041	8044	8044	8046	8046	8047	8048	8048	8049
8051	8052	8052	8054	8055	8056	8056	8056	8057	8059
8059	8059	8059	8060	8060	8060	8061	8065	8065	8069
8069	8071	8071	8071	8072	8072	8073	8073	8076	8076
8081	8082	8083	8084	8087	8088	8088	8089	8090	8090
8091	8092	8092	8094	8094	8098	8098	8101	8102	8102
8102	8103	8103	8103	8103	8103	8104	8104	8106	8106
8106	8108	8108	8108	8109	8109	8109	8112	8114	8114
8116	8116	8117	8117	8117	8118	8119	8119	8119	8119
8121	8121	8122	8124	8124	8126	8128	8128	8129	8129
8130	8131	8131	8133	8134	8134	8134	8135	8138	8140
8140	8141	8141	8142	8143	8144	8145	8145	8145	8146
8147	8147	8147	8149	8149	8154	8155	8155	8155	8155
8155	8156	8157	8158	8160	8162	8164	8164	8164	8164
8165	8168	8170	8172	8172	8175	8177	8177	8178	8179
8181	8181	8182	8183	8183	8183	8184	8185	8185	8186
8188	8189	8189	8189	8190	8190	8194	8194	8196	8196
8197	8197	8199	8200	8201	8203	8204	8204	8206	8208
8208	8209	8210	8210	8211	8211	8212	8212	8212	8214
8214	8214	8215	8215	8216	8219	8219	8224	8224	8225
8226	8226	8226	8227	8228	8228	8230	8231	8231	8234
8234	8234	8234	8235	8237	8238	8238	8239	8240	8241
8242	8243	8243	8244	8245	8245	8245	8247	8248	8248
8248	8250	8256	8257	8258	8260	8263	8264	8265	8265
8266	8266	8266	8270	8270	8273	8273	8273	8274	8274
8274	8274	8275	8277	8277	8279	8279	8280	8280	8281
8282	8282	8282	8282	8283	8283	8283	8283	8286	8286
8287	8290	8292	8295	8297	8297	8299	8300	8302	8303
8304	8304	8306	8306	8307	8307	8307	8308	8310	8310
8312	8312	8313	8314	8314	8314	8315	8317	8318	8318
8318	8318	8318	8318	8319	8320	8321	8323	8323	8323
8327	8327	8327	8328	8329	8329	8330	8331	8332	8332
8332	8333	8333	8334	8336	8339	8340	8340	8342	8342
8344	8345	8346	8347	8351	8352	8352	8353	8354	8354
8358	8358	8358	8360	8360	8361	8362	8363	8363	8363
8364	8366	8366	8366	8367	8370	8370	8371	8372	8372
8372	8372	8373	8374	8374	8374	8374	8375	8375	8376
8377	8378	8380	8381	8381	8382	8382	8382	8382	8383
8386	8386	8387	8391	8391	8392	8392	8393	8393	8394
8394	8396	8397	8398	8399	8401	8402	8402	8403	8406
8406	8409	8409	8410	8410	8410	8411	8413	8416	8417
8418	8419	8419	8422	8424	8424	8426	8427	8428	8429
8431	8433	8437	8437	8438	8440	8441	8441	8444	8445
8445	8446	8446	8447	8448	8451	8451	8452	8454	8456
8456	8458	8460	8461	8462	8463	8464	8464	8465	8466
8468	8468	8468	8468	8470	8470	8471	8472	8473	8473
8474	8474	8475	8475	8475	8475	8476	8477	8477	8477
8478	8480	8480	8480	8481	8485	8486	8488	8488	8489
8489	8490	8491	8493	8495	8495	8497	8498	8498	8498
8501	8501	8502	8504	8505	8506	8506	8508	8508	8510
8510	8510	8510	8511	8511	8512	8512	8513	8514	8514
8515	8516	8516	8517	8517	8518	8518	8519	8519	8520
8520	8522	8522	8522	8523	8524	8524	8526	8526	8527
8527	8527	8527	8527	8528	8529	8529	8530	8530	8530
8531	8531	8533	8534	8535	8536	8537	8537	8539	8540
8541	8542	8542	8542	8543	8543	8544	8545	8549	8549
8549	8550	8551	8551	8553	8554	8554	8557	8557	8559
8560	8560	8561	8562	8562	8562	8562	8563	8563	8563
8563	8564	8566	8566	8566	8568	8568	8570	8570	8571
8574	8574	8576	8576	8577	8578	8578	8578	8579	8580
8582	8583	8585	8586	8588	8588	8590	8591	8591	8592
8593	8593	8594	8595	8595	8596	8597	8598	8600	8600
8601	8601	8601	8601	8602	8602	8603	8604	8604	8604
8605	8606	8607	8609	8610	8612	8612	8612	8613	8614
8614	8615	8616	8616	8617	8618	8619	8620	8620	8620
8620	8621	8621	8623	8625	8625	8625	8626	8627	8630
8630	8630	8630	8632	8634	8635	8636	8637	8638	8638
8640	8640	8640	8641	8642	8643	8643	8644	8644	8645
8646	8647	8648	8650	8651	8652	8652	8654	8654	8655
8656	8656	8656	8656	8656	8657	8657	8658	8660	8660
8661	8661	8665	8666	8667	8668	8668	8669	8669	8669
8672	8672	8673	8675	8676	8677	8677	8682	8682	8682
8682	8683	8683	8684	8685	8685	8686	8688	8689	8689
8690	8691	8691	8691	8693	8696	8697	8697	8704	8705
8707	8709	8709	8709	8710	8712	8712	8713	8715	8715
8716	8717	8718	8719	8720	8723	8724	8725	8725	8725
8727	8727	8727	8728	8730	8731	8731	8734	8736	8736
8738	8738	8738	8739	8739	8740	8742	8743	8744	8744
8745	8745	8745	8745	8746	8747	8750	8750	8751	8752
8754	8755	8756	8759	8760	8760	8760	8760	8761	8761
8763	8763	8764	8764	8765	8765	8765	8767	8767	8769
8769	8770	8771	8771	8773	8775	8775	8776	8776	8776
8777	8778	8778	8779	8779	8779	8780	8780	8780	8781
8783	8784	8784	8784	8785	8785	8786	8787	8788	8789
8790	8790	8790	8790	8791	8791	8792	8792	8792	8792
8792	8792	8793	8793	8794	8795	8797	8797	8798	8798
8799	8800	8800	8800	8800	8801	8802	8802	8804	8804
8805	8806	8806	8807	8808	8810	8812	8813	8814	8814
8814	8816	8817	8820	8820	8820	8820	8821	8821	8822
8823	8823	8823	8825	8826	8826	8828	8830	8830	8831
8831	8832	8832	8832	8833	8834	8836	8836	8836	8837
8840	8840	8840	8841	8842	8842	8843	8843	8843	8844
8846	8846	8847	8847	8849	8851	8851	8851	8852	8852
8853	8854	8855	8855	8856	8858	8862	8863	8864	8864
8865	8866	8867	8869	8869	8870	8872	8873	8874	8875
8879	8879	8880	8882	8882	8882	8883	8885	8886	8886
8887	8887	8889	8889	8889	8890	8892	8894	8895	8896
8896	8896	8897	8899	8900	8900	8900	8901	8903	8903
8904	8904	8904	8909	8910	8911	8911	8915	8915	8916
8917	8918	8918	8920	8921	8921	8922	8923	8924	8925
8925	8925	8925	8926	8927	8927	8931	8931	8932	8932
8933	8933	8933	8934	8935	8936	8936	8937	8937	8939
8939	8941	8941	8942	8942	8944	8944	8944	8945	8946
8946	8946	8948	8948	8949	8950	8950	8951	8951	8952
8953	8954	8955	8956	8956	8959	8961	8963	8964	8965
8965	8965	8965	8967	8968	8970	8975	8975	8976	8979
8980	8981	8983	8986	8987	8987	8987	8988	8991	8991
8992	8993	8993	8998	8998	8998	9000	9000	9000	9000