2201	7024	6347	3097	8243	5488	8513	5258	725	539
198	3592	687	6634	4679	1698	3657	6052	8436	8237
4989	7254	3736	5548	5146	8934	351	6389	1691	4101
2250	4270	4971	4948	4208	6175	7189	4168	5847	451
8864	2711	3301	7753	4194	6081	7845	898	7115	5664
3982	2033	5035	8057	8168	7408	727	6744	7181	5762
8817	3819	2682	7703	4109	7782	3117	496	8702	6061
8469	2921	1738	6839	7329	8452	5903	7690	3845	947
7987	5394	1042	2077	208	2316	5037	7142	6519	3769
1098	6453	3855	7307	457	8614	3777	6244	7994	8473
8040	6181	5	2260	7844	5831	3316	440	5051	1771
715	6249	5080	7850	8047	8306	1282	3587	6783	7069
1594	1239	8030	2625	7816	2374	6741	8627	1611	5405
7208	7639	5765	8208	5003	6695	2252	3162	2048	3142
6808	838	3024	6135	7833	5778	883	6583	6767	6730
5308	6023	6579	1410	8868	8487	1500	1435	7862	3596
5481	4605	396	3809	2538	260	5337	6615	4298	1024
7317	7767	5711	6194	7190	5505	3615	7149	2675	3164
7371	5085	4725	5288	1186	8313	7201	3609	3267	4689
3358	2748	3421	3634	5775	7572	8963	5004	4314	159
5418	1132	894	6510	2861	4170	5053	4827	6165	3029
2326	4963	4674	3506	6903	2108	5679	2213	3137	7911
6199	7622	2009	7393	6982	6074	3869	7353	1872	8846
6481	3192	3111	415	2279	5331	4358	6333	7614	5064
3390	5930	4234	6465	5079	6613	1984	7276	8110	1938
996	123	4619	8248	2244	556	243	1028	719	403
4293	7719	5481	2520	896	5176	6648	4339	7738	4867
8424	5709	7062	6239	3862	6580	7056	1726	5010	6576
731	7791	7023	5331	3307	4874	3049	2853	8475	7514
1103	2052	4052	22	4361	5186	515	5854	6744	4705
2544	622	5854	2831	7529	5987	193	1447	7445	656
5089	156	4722	8903	8752	7787	3845	3286	8181	8270
2803	7945	8968	7330	5281	4031	463	4934	2897	8640
5276	2158	2677	8320	12	6479	5718	8007	2928	1473
3406	6976	401	187	8716	8267	3041	393	8249	7149
2433	7143	8466	7475	4683	3174	7918	3375	2802	6922
1824	3183	5482	3610	8744	3952	1501	4667	604	1508
7321	5149	7355	5190	377	6142	6282	6654	767	8300
3279	1854	6404	8657	5342	7765	7378	6418	3541	3131
2427	5300	4473	7261	1321	2245	6170	7958	265	2860
4017	5579	3280	21	3704	6941	47	6178	5598	4342
8111	2807	7371	1763	8586	5035	4103	2265	5347	8337
6387	2902	5423	7834	3281	3016	2342	6881	542	1077
303	2821	7535	6874	6813	6398	5468	223	6386	8295
8996	3026	7846	7734	2528	3264	4603	7127	5255	4509
1676	4600	2332	7719	7664	7505	3686	6840	2030	8191
779	8246	327	6805	2381	6510	1509	8705	4248	3547
6849	5857	347	2426	2570	7878	7701	7	941	4016
810	2598	6609	5083	2155	8784	5226	4014	2318	5860
4069	7110	5343	5733	1615	7913	4947	1125	2674	1266
6033	1851	5832	7538	7127	3425	1436	3209	3300	1922
93	3737	189	2859	920	8415	8606	995	3307	2713
6306	8412	4343	2353	2821	1449	8430	405	4841	7914
6068	678	2802	2426	4941	8099	1374	4285	2231	1678
786	5927	5325	4423	1737	7950	7769	2505	2565	7980
4171	3436	969	3159	2040	1341	746	5386	5996	3620
4651	2968	3705	7330	7338	1916	7219	8451	5635	2006
2525	8757	5222	5923	5716	1868	1939	8463	7927	3197
8305	829	852	5919	1906	7663	1179	3694	92	3578
4927	6847	4660	3890	6906	3961	4962	2466	2140	7953
5367	1156	7421	2954	56	169	5736	8005	3307	816
1431	3216	2055	3566	5285	326	5558	8782	2636	2083
4956	5093	5652	6273	3972	2627	4839	1692	5065	2902
8459	584	3537	3885	5136	7123	3450	7060	169	184
1394	7948	3415	6296	6628	5458	6924	6200	7452	6507
448	4833	1044	1866	3269	713	3436	2014	5077	2823
39	4631	1491	8374	1403	7752	6801	5747	6527	8677
6018	1169	3627	5861	7455	3832	7481	464	1072	7865
8246	2289	2884	7761	5397	6100	6439	6934	1507	3745
4636	3241	3711	8530	3777	7583	4227	7435	8070	7559
1289	6897	4563	6925	6500	7434	8277	176	7139	2459
8476	6554	8182	8931	8169	6843	4450	8038	741	3707
7174	5628	4211	5510	6752	2767	1827	6334	1722	5956
2105	2604	4923	2739	2489	4082	8798	324	973	5268
2516	929	6436	7925	8423	8434	1217	5749	8006	8508
7065	8949	2467	2437	4771	2364	817	1883	7828	5786
1394	3006	4572	6033	7254	4355	1771	4239	2562	3992
8896	5623	4579	5061	8007	4945	3551	8927	4523	2915
5967	3864	1395	6842	4046	4173	7725	8511	7100	1966
8120	8683	8210	5430	3955	5	6894	6644	7403	1896
854	7831	4242	6726	2837	50	6809	3479	4044	187
1774	489	6314	7584	4794	356	428	7118	1779	1212
2656	466	2643	2422	7146	7321	632	2012	4353	5652
5442	4961	7594	5622	6861	3495	8102	1875	3962	8862
3165	3457	1027	7790	693	8836	4681	6841	1708	2843
4134	5725	1527	2165	4653	7148	2647	7925	8155	8993
8475	2706	980	4060	5594	7662	2706	5167	144	6506
5468	4595	6365	5926	3519	7717	7522	5370	4887	2951
6455	1129	6027	3129	8474	3613	3744	5879	3700	2969
462	8317	3580	6452	5430	8617	8200	6974	5593	3885
2764	5975	4919	5308	8124	1558	8980	8702	2628	2498
2186	1859	3046	2891	3604	1772	6309	6868	999	4929
7441	907	3176	477	1790	7243	1849	6620	504	4885
3355	2326	2030	5362	2112	1904	1409	5571	393	148
8990	4542	952	4274	8284	2430	3434	5214	5205	4213
4224	5885	5093	1531	5637	5105	2255	4923	2828	714
3881	1573	5576	2609	208	7635	2249	7323	8189	3243
711	7632	6943	1435	2900	8948	3994	3082	1062	1794
4325	8613	8957	8000	2440	386	7451	4406	4504	6701
6093	7652	8892	4288	3619	1906	4760	3267	8565	3114
5576	6798	7280	8114	2841	7050	8308	5612	372	5109
5075	5694	6004	211	2394	505	804	919	5712	7616
1355	4408	5586	2657	851	3885	8770	3563	103	815
8013	4837	1863	8043	1657	8477	1643	1140	5712	2977
549	41	628	5014	476	2030	3810	8025	5231	6892
1674	6145	3563	5776	2674	1029	5918	2533	3389	6875
274	8390	7206	6937	6431	3187	145	8781	6894	3975
3377	8741	2267	2508	6730	5341	2506	6034	4313	4739
8129	7097	8548	4452	6990	3729	6264	2424	4599	7108
1616	1145	7728	300	4936	2329	3886	3537	6410	3185
2890	7175	2568	2109	8713	2955	5538	3859	7887	8257
2705	8784	1412	2769	4734	6697	2245	5122	3265	1422
7280	6462	3402	2910	6347	1587	6197	7349	6401	7681
5874	1756	5267	3933	7641	6278	1567	525	4173	8754
8085	7064	4261	3027	1172	7929	8352	5746	8831	7366
2180	554	4226	3482	2358	1560	5457	633	8074	6808
1210	1428	3146	2991	7808	5783	4029	2623	7474	6214
3885	1341	8137	8115	2204	2213	8154	1797	7130	3580
7931	4211	1272	8433	8742	404	6314	2720	8197	6299
6358	5060	4206	8996	1981	3197	5141	3749	77	1806
8019	5579	7335	2390	2704	6468	6134	4896	5942	2993
523	283	1478	8631	6241	1725	5637	2062	2966	5391
7431	4454	3267	6248	8489	5032	1216	2543	905	8365
7730	5839	7967	1447	8885	1927	2639	1374	8789	3672
2868	1254	8660	3367	310	381	4438	8158	7653	7909
7579	8921	1581	5228	1131	4705	1717	281	7187	1410
453	4236	5595	2838	2040	4303	4141	3441	4123	1452
5504	6505	2570	6204	1931	1433	1209	3187	2544	7026
5280	331	4693	3848	1430	4073	3223	5320	6163	8730
8496	6602	6590	1940	1050	776	1288	3901	6198	7120
3555	3106	1882	7441	4610	3838	8904	3998	7975	3318
8335	5674	3754	48	3964	2454	6587	5580	8821	3678
7329	3333	4981	7859	2069	4746	6790	7479	8518	436
5940	7092	3644	5289	4783	7557	1326	1447	8235	622
7772	6630	8961	5913	3472	545	442	8861	7885	3812
52	1295	8553	8485	5033	1245	2896	3550	6392	4858
3710	7089	79	8340	5803	3000	8696	8413	1716	5041
6657	8975	5686	2811	1077	6559	8798	8101	7720	4056
8029	227	6565	933	3159	6054	4039	607	947	3617
2572	7220	8426	8260	8009	8734	7201	7655	6731	4947
5630	5907	5003	5733	3740	8954	3326	4566	3671	6326
587	322	3298	7189	3101	6718	7545	4193	3266	7913
3241	7067	8700	2776	7755	6652	2517	1557	7490	4599
6671	4559	6959	1610	5215	4416	7775	1248	6358	7761
4127	7280	358	5418	4542	4647	6493	1540	3097	4199
5940	1390	7997	7173	2876	4068	8152	5458	1356	6908
5232	1045	4665	1971	1373	5967	941	2212	498	6583
3771	8135	4226	6536	7386	3204	2404	2867	7069	8254
6448	7198	4364	3745	5569	8863	8479	8424	8684	759
2020	8247	245	7409	720	7768	308	3246	263	4598
3487	1451	8977	986	8683	7316	746	1887	811	4355
8858	1792	1248	3127	3931	2525	980	4148	2657	1830
5696	8244	2598	7561	3034	7747	2120	3105	4408	8560
3831	7323	4606	5264	3692	2417	8711	6812	1500	7722
5182	1582	4354	6793	6687	5731	4470	3624	4400	2190
7213	1674	3233	8313	6728	6029	2564	1998	6578	5912
2847	4879	2239	8835	3295	2847	5206	8171	389	5438
8557	8933	5885	7624	4516	685	3721	7444	1173	3998
8154	7346	3821	8210	1223	6679	2588	4307	6844	3251
7441	3881	7421	1950	3545	6705	997	6480	6412	1660
2880	7608	6171	7253	4344	3713	5419	2233	3732	5363
8879	396	746	100	2630	5617	6556	7179	7907	3740
145	3320	7750	3922	6041	2676	505	7764	4465	6872
1425	3518	1225	4734	6822	8490	572	3143	7549	5635
3074	1653	5709	4054	1962	7720	7467	6022	1806	6051
1307	123	6123	443	3307	8918	2929	6108	4733	1403
7574	4159	528	531	6884	7836	459	3575	4340	2195
4362	7147	4219	4565	3513	2671	6027	4786	706	7799
1495	3186	2505	5674	8466	1859	8423	7891	5686	1475
1646	6626	1741	7866	7575	1754	2951	1016	6620	3880
5365	7967	712	921	2776	3145	8526	2593	449	2487
659	7530	2389	988	2728	4960	3187	6805	5053	3463
341	6412	1263	1300	1576	1615	5122	1508	1861	1573
8313	2589	461	3003	4052	2482	8913	2209	3605	6197
4293	4196	5779	5478	7225	4435	3709	2469	4137	6917
325	3647	5916	3382	6022	7681	5647	7683	8511	3163
5457	840	2113	300	8349	7606	1100	176	7004	8008
4218	8025	8713	3087	1947	7745	4609	8893	4967	5954
6440	1436	5142	2162	4174	565	8309	851	8153	4855
5355	4951	4043	1126	1122	8083	5917	4179	7974	5192
6643	3802	1108	2691	8705	3300	4462	3486	6432	8388
5853	5122	174	7480	7469	8014	6259	290	3277	6555
2047	5051	1276	385	5511	1787	5697	8682	865	696
7835	4096	1939	2021	4277	3780	1734	7531	446	437
1393	5961	2603	4656	4496	7083	4123	1522	1333	1674
8732	6380	7778	3008	8306	3727	7822	192	5101	875
5920	5814	4629	8367	1316	8993	1221	3550	3308	5322
359	6601	5253	960	6674	2101	1296	6250	6713	2560
2195	2109	2464	6852	453	2368	1639	4292	550	2356
4308	5367	3320	4301	5082	4866	885	1718	3345	2498
4267	3899	5242	663	37	4661	54	928	2354	8590
497	5340	3169	7146	7897	5299	4704	469	1325	7608
315	6705	8774	8252	4389	3326	5169	3025	4505	4612
4598	8854	8320	7159	7586	4466	5556	6131	622	894
3221	5375	4347	3299	8004	7794	8187	4903	808	155
4485	4570	5112	7988	5781	1839	4995	5816	6455	5722
7875	3479	1352	5559	1742	5002	4070	7145	5491	8845
124	3348	5831	3065	2944	8646	632	3226	1153	1061
4041	2547	5553	6483	831	6723	4409	3402	7966	5426
7781	6593	5053	8056	2984	1283	7328	1740	5519	1611
8388	2815	258	4695	2167	1747	5675	8152	3509	8533
5758	4438	8346	4370	3038	4861	6067	6624	2413	1790
1756	2397	5035	8191	7413	7748	8760	8713	335	17
7429	1708	4567	6988	5480	1524	2029	1038	5474	719
21	8752	3228	7907	5633	694	3771	3340	5033	4823
2626	1569	1265	6195	6132	643	7209	6024	1156	5462
8427	8236	4559	2058	1249	1447	6677	5694	4288	4334
3459	2863	5153	2820	1413	7366	6597	6877	6547	5594
3573	2788	1392	3288	3459	1292	2416	8972	4872	6673
5056	1486	7434	7192	5413	8587	6502	958	5722	6177
1536	5003	7654	5500	3822	1782	3360	6898	8309	291
7968	2799	7003	2162	8803	3567	1780	7783	8162	6078
396	3165	4200	4820	7228	7156	1236	5891	3794	4783
3698	6144	904	2709	1395	7703	1217	2315	3251	3667
4447	3627	7728	113	5579	741	4661	3166	4388	6751
5242	8221	6716	6759	8378	808	8270	3199	6375	1238
4998	1746	7928	4292	3720	484	8589	1360	3520	3726
5969	1966	741	2637	4888	7246	3592	8188	5053	8683
8359	3883	6329	783	7534	4753	4442	2230	6137	889
5000	2497	7192	2974	4315	2872	6644	7776	2489	6369
4727	1953	2175	4601	7990	6235	354	2852	6926	5925
7660	119	2996	5006	5565	6465	9	680	8153	759
655	7804	883	825	1037	7756	2220	2104	7459	2284
8896	4903	5985	5477	5939	2968	365	4186	4288	41
8956	7859	5283	172	1296	1610	8000	6613	1426	6509
1254	4329	3673	3282	4825	3888	1016	4534	3316	1585
4218	4278	1812	8584	6893	6771	5985	4812	2113	7747
6251	3152	4287	467	606	5590	4499	6314	5015	5794
6681	8555	5811	8314	5119	6783	4591	1081	2679	5700
8830	5284	3475	8261	1423	2144	2784	4889	2147	6503
5011	8409	1567	8650	73	2507	7197	887	514	106
5073	3650	5372	2550	4178	7628	212	3630	6049	2928
6853	2623	4534	6776	6352	1831	3638	1281	7071	8552
66	4105	2889	8055	8947	2512	4453	2235	1526	6047
4353	7884	434	4544	5921	7763	5158	2376	1797	8105
5380	1970	2605	3066	8298	3182	7127	5943	5943	5570
63	7373	2311	2604	1099	8417	2380	5944	5810	6130
3889	1742	1130	6832	664	7974	7885	5838	8240	4036
6718	5707	2699	1329	3374	4027	2260	8211	6358	2250
7016	3623	2258	8532	2554	4091	2439	7927	5190	5942
681	4209	8635	1578	2151	788	869	8812	3498	3875
584	7967	4862	741	6093	4632	59	396	3554	3384
5848	2473	3685	958	6923	5465	3319	3564	6323	4986
2321	8369	2463	2983	7642	6152	1619	3480	5226	4879
8000	5893	4873	180	6815	253	2649	8857	5437	8211
2909	5173	6477	6875	5186	8820	4759	6777	3625	3959
3236	8282	8146	6738	2896	7034	2645	2734	3236	662
8651	4505	1729	4836	7146	2556	6386	5509	4415	8027
5097	262	3958	857	8361	4007	3129	8049	5255	1843
8919	5159	3980	2567	5763	6074	636	5574	2707	6293
4869	4330	6491	103	4952	2867	2909	1853	4644	7417
3332	7439	6655	3205	8425	8920	6680	51	6529	6328
3255	4857	508	6350	8325	1727	2251	1936	2669	8131
296	8848	7141	5736	434	1330	8982	6442	4901	1003
2208	6681	7737	1511	147	729	3610	6286	7409	6461
3125	107	541	5056	5488	6282	5395	796	3078	6134
7332	2599	8493	8655	4003	2934	8966	2878	7535	7229
7728	1077	4642	3261	6285	906	7255	440	4678	2526
1029	8909	5673	3221	4565	8452	321	703	2751	5647
6290	4923	3898	3697	1289	1254	2425	284	7313	4004
2869	7666	3262	6266	4241	3002	478	4650	2323	2044
3955	3328	6015	3448	150	8164	8515	1922	1261	6365
6499	5183	4423	5483	5158	8063	1268	2905	407	5099
7381	5601	4042	166	878	7627	8736	908	75	3952
6523	230	7908	4348	170	448	833	524	2535	5678
6408	4540	7542	350	4200	8951	5700	6205	5457	8471
8838	8264	5337	4076	6680	531	7788	5730	2463	8449
5087	7312	5543	7976	4655	389	5646	942	8986	2926
6158	3951	1266	3976	3611	5827	6095	6377	405	8399
1489	7992	3727	6751	8313	6535	7167	8882	3950	606
4474	2977	8597	5695	8208	1392	2948	1506	2498	7848
4572	7233	7210	7555	3644	2562	7065	3848	1780	1402
5703	8724	6914	8895	5660	4243	4713	4951	1218	8848
7021	1045	1145	7482	2013	5232	4395	4205	2044	2467
686	6018	8239	5987	8991	3365	4016	2749	4867	7757
3466	3343	4886	2641	7366	7621	2977	7825	1897	3382
5497	6077	5444	3051	7880	531	4407	7901	6937	4113
8542	6809	4380	2518	2803	1331	1245	1698	4933	4869
1393	2991	4388	512	4112	6428	394	7738	8035	387
799	3095	3532	4103	3474	2168	7800	7624	536	3045
3827	5163	6162	6057	2494	2311	18	5147	5120	7479
7546	1987	4630	5114	7926	806	6958	3028	7002	7481
6622	3617	224	3536	7226	811	4498	4509	643	7203
3290	152	4544	7801	3707	3413	5143	8725	2304	8520
326	4947	1064	5438	338	4599	8341	2290	671	5281
7515	6364	3332	892	4389	2551	6433	2331	7427	8123
6239	2174	6898	6668	5651	6224	2851	2277	3932	6832
372	2712	1425	3517	232	6753	6515	7973	6545	1557
4078	4909	6263	8674	3560	2864	15	2148	3780	8670
8258	1026	1678	175	4419	4291	2625	1114	3055	24
1602	3291	2217	1932	3314	7182	2309	6389	925	6517
6856	8988	7253	7077	8097	3024	1741	3750	390	3452
999	7503	5601	8991	3610	2012	1964	217	8869	8065
3138	3470	3781	7355	5271	2100	442	3726	8615	2982
3509	2039	3329	3437	8947	5512	2321	2647	7768	5366
5690	7175	8958	1948	1295	4572	1700	463	4669	4130
3745	5827	379	1734	8937	613	8517	4180	6326	8024
7377	5689	734	7826	7765	861	6246	5674	1191	3186
4268	486	1426	6955	896	6438	243	8865	8796	6908
4518	8858	2698	1626	3850	8258	5604	5393	7512	5001
5496	4732	2653	1105	6698	2090	7867	6945	3384	3022
6348	4073	689	2244	145	1308	4841	5246	5830	4184
8662	1026	2283	7016	8885	1586	888	8282	158	6981
602	2333	2008	7102	594	2297	8303	5409	5744	4927
3365	381	329	73	4819	4570	2688	3180	7988	715
1695	1240	2402	626	2480	8343	1814	1749	8673	7899
5999	658	3001	7982	7038	8326	2689	8441	3409	3335
593	5322	5224	8172	1682	7386	5896	1659	7507	8771
1813	1666	8509	4957	2235	1159	7551	8703	1796	242
5217	5256	108	5686	395	7561	4104	307	176	8542
4677	4365	7768	5425	8566	3927	1199	4206	1720	3536
5338	6571	6170	1159	8155	1943	5730	7060	5236	7070
5620	455	7680	8597	2713	6715	75	967	7603	6041
8109	6024	7481	8476	4024	8749	5064	6594	679	5230
2706	651	3421	2126	7476	3465	1156	1386	4250	2663
2065	1121	7942	2030	8058	8710	253	2816	6452	6760
8488	26	6161	3112	6443	6299	2777	8091	8942	681
8804	5339	8018	4180	6689	4037	8292	8144	1302	8020
6747	5871	5453	6106	3374	5465	8335	5438	1952	4999
4549	1347	3577	7034	1323	6315	4309	1226	2349	7360
5663	7584	5094	1142	7289	1943	2412	943	8400	233
6514	5078	4665	2579	3675	1824	1951	2750	3666	1516
7553	3811	5333	1876	5676	1900	1854	2203	4886	1174
1208	2993	1240	1870	3463	8661	3502	2002	7795	1843
6991	4887	5301	3927	5344	542	5322	7545	7841	8087
7040	7121	1802	2279	4922	4818	1054	1438	5355	6349
1337	952	8702	6205	5860	7262	7897	4853	4019	2942
118	2464	7300	578	8716	4456	8399	8357	5361	7143
5338	7496	6753	3722	6391	5128	8763	8795	6348	6161
3210	8996	7227	138	5085	5680	3335	2704	6070	8326
8317	3171	6632	7177	175	8192	1655	1803	8614	8690
1070	3973	8450	3528	6543	6702	8029	5209	390	5114
3474	911	3072	6974	1744	8249	1095	2363	6462	8828
10	2151	4803	6942	7716	223	4210	5948	1025	1406
6412	3784	4408	2875	99	6206	581	1913	6430	8754
161	8255	5755	7981	3993	685	475	7438	6650	2510
1117	604	8478	473	1405	6602	8557	7412	828	2493
559	6749	2382	8887	4766	6949	802	3375	3682	8603
5355	325	6241	7965	3873	2016	5175	6103	6710	6158
53	3937	850	7983	3958	3927	5854	29	4372	7623
1910	6522	1511	481	1635	8747	6358	6569	868	5120
46	1568	2301	8050	3745	5132	3842	4636	5343	8216
3625	2674	8325	900	6856	5959	5623	3603	6642	672
5758	5923	593	2244	5447	2689	1961	8551	2032	2119
7325	1783	5259	3282	5387	8304	5396	6771	1226	7411
3464	6250	5350	7052	1433	5672	1638	5695	7082	2944
8414	4581	993	4063	8279	4198	942	5974	7632	7181
4804	713	1023	4190	4347	5784	8452	8759	1178	182
1677	7746	8823	8515	2732	4162	2254	5654	4432	2876
6540	8018	1067	8786	1321	4015	4449	984	340	656
4547	5535	4713	6385	7260	6972	4098	347	8386	3109
2464	7986	3551	5327	6078	3098	6031	3876	2753	3575
6850	5523	7735	3582	1003	4484	3960	6803	2920	1663
2025	1166	2132	2573	1439	1693	4925	7391	3215	3520
4505	7821	5706	827	388	652	2177	6755	888	5805
113	4117	4889	7811	1063	6956	4976	7253	5030	1805
679	8906	1528	5634	4258	2903	6671	5691	7375	7339
1901	3704	1798	1655	4889	7515	6610	4385	1713	6070
2324	5367	1325	2279	43	5488	7549	6686	2982	6004
5306	8168	381	5616	2090	6184	1191	1445	1598	2825
852	4945	8035	6620	7278	7831	3	660	2347	7528
6210	3057	7331	8580	8510	340	8141	60	7955	7426
6775	5174	1469	6886	7387	2208	8830	6795	152	7728
7017	2557	8464	179	6673	3776	2974	5751	7330	6040
8418	7315	2734	484	4424	6851	1619	6917	5017	5402
8813	7292	2286	5206	3077	1452	6251	1824	3213	6244
980	6317	7093	4016	8511	4929	7307	7669	5580	4848
5606	1474	5690	6654	7049	880	8157	5194	7661	7422
6712	1224	7959	4159	8551	6092	1745	7386	5797	6798
5124	6275	6612	3844	6976	3913	6184	1825	7452	5407
2250	2385	3131	6626	7752	4672	8741	1973	2364	5625
7537	8247	6549	482	6335	1833	1398	2450	5633	6359
7222	2820	480	490	2410	6024	7873	5168	2759	321
3490	1422	259	5933	1071	2220	2409	7799	7447	2734
3840	456	212	5054	986	7716	4839	1167	4961	8778
5358	1062	8635	5080	6714	2232	90	5944	5499	4360
1578	6511	8160	5627	5687	1971	4674	3559	347	8027
7583	7866	8087	250	3252	4876	4626	1180	7423	7376
3625	107	8224	8046	2681	2686	328	1712	8406	6721
5879	5120	7740	3758	29	471	5909	8526	6946	6420
7712	853	1619	5264	4974	7389	1391	7811	548	4879
257	1322	4640	2306	6093	5725	7193	7431	6420	6796
2560	6511	3052	4339	4935	1179	2901	3212	4381	1977
8980	4364	2825	612	7266	7419	3100	5828	7096	6400
3703	4264	773	1811	595	6521	8017	8559	5919	2805
7508	4331	3348	1517	2106	4670	1892	5078	3296	8207
1996	4768	2524	555	4554	5519	4335	1563	511	8746
2876	6317	7053	7189	297	3812	8728	5716	4784	3404
7385	1262	6294	6745	6196	5353	1708	6589	4240	7175
908	5791	6494	7643	4368	2780	2704	43	2640	3340
2095	7974	7498	468	7427	4355	1557	5747	7403	8105
2091	5464	4369	1164	1580	3307	5536	6684	6174	236
8709	4066	4672	1371	6558	6134	1818	4635	7374	6133
7179	7641	7254	3739	8137	7516	2614	1318	3510	1727
6614	477	8336	389	7277	7301	6965	3936	5403	8825
8083	1677	1543	3453	4697	8637	1952	7512	6532	2499
6406	5773	7214	5989	3928	1893	8634	7575	5914	7709
2923	4923	2832	3115	397	4143	3951	8361	3966	5941
2086	958	8566	8183	6937	6550	6399	4498	851	3683
153	3271	8387	8506	5633	8807	7670	2978	4224	3441
1920	2029	3603	2231	5137	1206	5953	1434	7261	4110
7699	2410	283	119	7061	372	359	8535	7821	1077
7027	6840	8087	3847	2669	4887	1557	4234	6471	1901
4985	92	1562	6098	6564	230	7807	7212	1683	3417
3964	8351	6420	7113	7003	7268	7856	7014	3618	4015
2169	3983	3130	3148	7785	7517	2206	5042	6184	409
1181	2101	7900	5167	1072	3171	3296	2921	2859	2076
7637	5682	2525	3450	2453	1568	8045	165	767	3952
3273	1601	1313	4115	6409	1453	8948	3740	965	238
6622	2281	5227	3565	5147	6105	1774	1000	4901	6564
1013	8773	998	1503	6312	6070	4674	138	1039	7777
5436	6333	6583	4995	8928	86	2164	5426	8042	5159
6660	1268	1522	8849	3163	3753	8334	311	8057	6600
6401	291	6014	1888	8443	4608	5044	5695	195	5059
3677	5008	4187	3889	493	231	154	6087	4953	232
2871	5455	6294	2898	3516	4276	8723	760	7058	7356
3982	3255	3256	5202	3225	8218	3779	3056	5412	3650
217	5696	2813	4995	8338	1556	4023	8201	8744	6633
3870	775	1802	7386	5723	2800	813	7656	6148	6021
860	754	8727	1410	7261	567	6138	2199	4555	1164
4034	3040	48	4138	3721	5539	2372	8050	7998	815
6302	8701	6057	5707	5396	8216	905	8523	6094	6242
4828	8989	8650	7994	6411	681	5010	7700	151	4142
8451	1873	8865	4706	2318	23	5021	4511	1386	5754
6678	2970	3065	4300	1865	6895	1903	7496	4830	6246
1956	4362	1520	4764	7034	4612	105	7912	2764	8817
198	5866	5549	5825	132	451	770	1224	3734	3333
3295	6412	286	5635	6726	3794	7537	1173	4661	6011
7705	1827	2678	2621	5706	8592	4385	4175	7118	5257
2868	3328	2535	3725	4385	6006	4669	7625	5452	8221
5343	7005	4363	1371	2751	6918	6711	240	8210	473
1542	5573	3916	7246	1516	3453	6274	4875	3977	1163
5971	3499	6565	8091	2347	7911	5184	4858	4955	2392
8799	1507	8313	4092	1268	749	2442	8707	3391	3232
8929	6068	4208	8604	1266	6939	999	2971	8118	3683
7078	3522	531	2303	2535	1791	2739	3573	2604	1320
1466	6564	7637	6317	698	8034	32	7227	2986	6210
1801	5342	6513	4653	4744	333	4572	4390	6136	7060
55	3597	8637	6081	1363	4224	8648	1552	1193	5326
6951	1321	8280	1970	116	5504	4004	1047	8982	2812
2815	5384	1881	6783	6215	5817	5470	2621	6164	3098
7783	5454	6810	5985	3145	7602	3521	934	1120	2535
7500	2417	624	3935	8346	1252	8375	8165	6979	7042
5131	7787	4444	4277	176	605	3772	7178	4782	567
4052	6952	4588	5632	4039	5246	223	7905	7434	5906
2540	4029	6227	2944	4196	3241	7292	2388	6783	3287
322	1602	5818	776	7010	7761	1461	651	2060	7650
6020	4	6556	8142	3293	8985	5049	3939	2666	5215
6700	1016	6349	1028	637	1165	2484	4529	1274	8198
5375	8782	1769	5543	7213	8653	4249	4433	6754	7412
2114	6387	1166	5156	2791	5710	663	216	2474	6837
2903	3738	7187	4337	5886	7771	8868	3764	5864	5930
6691	856	3790	36	7648	158	2755	3142	56	4648
2172	1953	1444	8404	5478	7102	930	8006	6406	7960
4240	4784	1462	6314	3038	580	8877	7875	2436	1001
1178	2931	3516	1251	4991	4778	339	7448	1043	6282
6880	3223	618	6187	4398	7424	8944	4003	407	3843
4860	6651	4850	1927	7640	6428	4420	6819	8466	3931
3109	6679	4948	7105	4004	5961	6115	8009	1298	3522
7160	4260	4318	4311	2036	3811	6122	2433	2082	8151
3219	5023	3804	7150	7720	4116	7626	7536	2825	8142
1300	5389	8649	5346	7750	990	232	7506	2060	742
429	4250	4658	5248	1131	6456	1931	6202	4042	2873
6510	1042	8887	7141	4990	6388	4744	383	1946	3609
6373	3431	6230	8488	7148	4622	6694	2611	5599	7034
1142	7865	2820	2919	7261	360	5690	691	3680	6286
7510	5664	7008	240	8220	239	7228	2969	7249	1330
4395	500	4876	5732	7949	4297	692	7361	6594	2359
7166	7052	4850	7188	8814	955	7054	4604	757	8849
85	8215	2130	8297	2935	2153	7423	5506	2157	8159
3243	4587	2388	215	8607	3518	8736	6333	2209	5743
3673	8345	3946	205	4722	5645	4528	89	2524	8974
3674	2046	8906	382	3618	943	834	5696	8380	2721
3504	8645	2322	8941	1397	5515	4270	5554	4913	7300
7606	952	5192	3844	2608	6900	4601	6005	7702	6199
2325	8616	443	5260	5237	191	18	1832	8929	4518
2542	3274	277	7798	8872	6583	7507	6785	2281	8979
6634	7500	4855	7242	4419	8462	2243	6719	5439	4166
4144	5591	1323	1389	4222	8621	1569	5338	4987	3639
6079	4104	4910	2072	7967	930	2576	1047	8798	7089
7963	2813	1380	783	6585	5651	1998	5647	3745	8737
5542	1048	2145	7099	3076	1139	128	3382	923	4900
1782	5143	2794	4922	3057	1994	3657	8656	5774	3519
6228	4060	4310	2500	7969	2804	6439	3470	6576	2604
5296	8541	4202	8893	221	1167	1467	4988	3825	1565
1637	5749	5809	50	6904	5825	1996	5923	6174	6811
8905	1043	6766	8038	2056	890	6106	8392	7021	1415
4931	5338	4816	8770	792	441	191	110	6121	1103
2790	600	8274	7401	2481	2383	1956	6213	5536	6997
8417	6775	2074	4860	761	209	8554	4949	3016	7213
2896	170	6104	8053	2900	5860	7878	4055	95	4774
3142	6316	2922	6857	4794	2679	3897	1503	5733	1294
6160	325	5928	6629	83	5853	5564	4313	3446	2722
1960	4883	5128	7881	1266	7153	8678	4631	5129	3744
5959	543	2044	7999	7552	7533	7047	1619	671	2651
4060	7060	4563	1304	2709	8183	849	1589	8333	1739
3622	815	249	5272	5144	5001	544	6615	2018	1540
3355	8779	4588	1168	8797	5498	1654	1919	2078	13
1305	1149	2482	7987	6831	550	5137	8777	4542	1101
5424	1625	2539	7243	2257	2522	4035	18	5013	1718
2248	5923	2794	7243	8584	8385	3880	1530	7290	4425
8830	8175	3486	2309	6791	4296	5150	6483	3230	8161
6329	5921	8735	6702	8340	4059	6727	5471	5132	3747
4400	239	5436	2181	1280	426	3513	2290	3085	1142
1628	3999	4263	6207	8487	8865	2638	8182	4651	7541
8272	4389	8515	1669	5842	3909	7520	6047	8704	8011
7101	7382	6836	8284	8938	5011	3423	7127	5883	8001
7742	1731	8941	3453	8827	7118	5266	2107	3535	8404
6035	1029	3354	2121	3916	1408	1844	2957	1016	2312
6627	788	8008	1532	3769	4623	1403	1832	7352	1053
4266	4447	8536	129	7145	5358	8735	8661	1256	8781
4612	4562	2900	7208	853	8022	1550	2754	2736	4104
3800	5885	6434	4401	2588	7251	7994	7387	1809	1422
5889	8658	7609	1375	727	5961	4037	5509	745	6829
1825	5902	117	657	2721	63	4569	6873	8101	2099
3487	7478	1732	3072	2500	8338	8757	812	6386	8037
1387	6122	4715	5778	62	6340	7342	5548	4426	4981
1778	7396	5454	1730	688	7970	3430	6205	1391	3502
5146	6463	4544	7203	8510	4324	5857	4726	346	6837
5511	449	7023	1589	7557	225	6168	4997	3225	684
6455	183	7451	8462	6746	3989	6107	2165	579	4265
2663	1608	5131	3255	5294	7213	5174	4565	7869	785
4288	5696	5000	869	8121	4386	5953	6857	6089	6659
4737	1919	6704	5720	7919	885	3141	3891	1188	7010
6736	3233	8788	6362	1670	5388	911	1450	8091	1085
3685	6495	632	7289	2656	4687	6332	7996	324	1690
2167	2316	7691	5120	5488	929	1891	3979	1031	5404
3933	5000	6051	505	5569	8047	6292	546	4694	1240
239	2672	4320	6061	5799	1794	7149	7424	2706	3465
4181	5693	2930	481	6610	8529	5728	3000	7635	244
1817	1954	3005	5527	4348	7414	3599	7474	3319	4930
720	2655	8170	1559	4764	6582	879	5321	4201	2388
7795	3817	4252	1366	7385	8086	7786	1071	6155	4704
4825	594	3446	7914	143	7764	3783	6796	50	6538
2466	6948	5791	8197	7471	5567	2688	8445	7525	2400
1361	3489	1299	5026	1276	886	5630	7512	5337	2126
4505	849	2494	1117	2881	5390	4984	5187	438	874
6636	4675	5049	6818	6350	1062	4940	8445	5296	2779
990	7490	2229	3037	7549	8052	2794	6070	1548	238
7935	5164	4923	4470	5799	8120	561	1826	4118	7763
894	7748	4686	1041	6591	1131	5454	536	3577	5761
8783	8516	1357	6592	2476	2056	142	8943	8751	309
855	8810	198	7352	8479	2939	932	2442	6393	7757
1567	7666	6898	8152	7547	4584	5257	8449	6639	3661
3735	7229	3710	3801	7613	3992	7229	2208	4152	69
5290	5141	2739	5627	2271	1634	8588	7834	460	1177
2618	2955	6240	889	5812	2659	548	1215	3556	5131
1768	5968	5741	3376	3472	2536	3431	8695	3787	6276
3578	3579	8988	4930	6398	2666	8652	2274	6907	2079
7117	8196	2060	8007	6986	4689	3782	745	939	8156
5142	5705	2819	4462	1372	1234	3119	1209	2412	7216
2288	3263	7767	6903	5495	3125	8888	2514	4562	532
3740	4061	4779	6005	8405	3170	2788	4409	2186	2047
7983	8689	199	4545	7580	3934	2266	3219	2743	5756
1049	7932	4798	806	8586	8626	8719	1336	5891	4187
7993	8772	436	2875	8925	6656	2946	3325	5242	5934
630	3525	3856	1525	1285	5284	1138	6728	5771	5606
238	2536	4694	2720	5255	8726	7435	2920	1326	8766
1548	8913	3722	4905	874	8493	1490	4713	1203	1095
354	5867	7647	4270	6194	1401	2670	3021	7115	8110
4241	5941	2022	7002	2176	3932	6361	8815	7554	7971
8970	1493	8106	1677	1244	6453	4381	3502	100	1695
7108	1381	833	4604	4528	7355	6504	3735	6705	644
8902	289	8855	7724	7975	4256	6168	8406	7871	1250
2533	5268	5365	7718	119	2856	2043	8270	897	8707
6877	3237	747	4032	2924	6139	8312	73	1828	1158
3771	6763	4988	233	3319	4625	7943	2026	3039	2081
8890	5771	8149	4159	8864	4234	7600	4903	5287	5444
8784	2129	6364	2743	1501	42	3190	5396	5865	7257
4298	1177	4483	4953	3101	745	8045	2615	5206	8603
294	7397	7665	7518	1277	3180	6975	8375	2397	1156
2813	8052	4491	2713	6220	5251	571	1575	2452	951
1122	3078	7379	7879	3726	7488	5523	876	447	1107
896	8633	4918	8522	485	3012	852	4582	602	1301
2582	7735	5881	7904	3447	4175	4990	3275	3020	639
1744	370	167	1639	7006	2268	8855	7433	838	897
6840	4165	8502	3338	8363	5305	8421	7312	5442	2576
3938	6453	2854	3744	8575	8748	6083	769	5826	2937
2370	304	1144	6579	7204	8503	1221	8673	6489	6861
2977	1402	6885	75	5546	6937	1333	976	5001	7347
3190	1178	4627	550	8243	3833	8525	6848	298	7306
7672	404	2521	6157	5669	6832	3411	3345	7536	426
4462	2716	6025	4733	2192	3894	7605	3444	6916	2900
215	1120	4917	2649	6147	5475	2083	422	8143	2505
6881	2207	3844	1455	1815	7622	1851	650	1342	8594
8409	4835	3591	4573	8524	3176	406	5397	3616	4718
1037	5892	8558	7221	1875	135	1670	389	4428	6820
1117	6026	5886	586	8809	5177	203	1477	345	103
7918	6552	5153	241	4663	8594	3735	3391	2821	1321
1957	5687	4543	5267	7868	3853	6647	3577	8072	2097
3875	2483	6004	1352	2189	2076	3381	5267	2053	6094
4194	5813	7170	436	4951	5659	2575	3391	4844	3548
1575	6196	2458	1395	8670	778	5096	210	1416	5561
5124	7795	889	2391	5488	1455	5112	8069	5557	4112
6823	5659	2028	8769	8055	5169	3382	3573	7173	1468
5018	4303	858	1245	2155	8321	2834	1009	7257	1373
5665	6250	6254	7502	4468	4893	4456	3453	5807	6631
3010	5122	360	3807	1058	5849	3988	7076	5830	4279
5323	687	8310	4736	1351	8522	5848	2645	2273	537
5575	2198	8927	3799	8494	4518	4878	1924	2551	3933
1782	7281	6568	911	6079	846	7054	8794	2158	1874
910	6358	7960	3395	1995	8348	6165	6733	6364	4653
5242	8391	6584	4840	422	2623	8849	1633	8214	2797
6075	8240	5275	7633	3570	5395	7900	3294	665	2154
1300	1584	7394	6836	2093	945	2917	1267	407	2497
7043	4395	1222	835	6562	5300	6295	3805	2792	8031
4691	3033	6613	1521	6184	7973	4551	115	6513	3532
8686	377	1554	2490	5359	5767	6936	3615	4395	5194
6556	3610	2260	598	2775	7936	6399	2806	2065	1647
6835	2437	777	3409	3176	1308	2460	8241	7945	6547
5779	6460	5908	2585	3009	4503	885	653	8383	1260
2193	4336	7984	3345	1117	5108	8510	2526	4426	2495
7597	6582	442	6169	2924	396	4933	6570	2453	646
4323	3767	4156	2620	1361	7317	1169	67	1727	4434
8123	7756	1279	7301	4560	4691	8039	2248	2824	2531
5273	6993	8139	3275	6017	6016	281	3151	2064	7161
8097	5503	1601	1938	3854	375	4125	4046	252	3794
4670	3180	913	3161	7157	8519	2880	2171	2124	2715
240	3634	5050	4949	7938	2879	6679	214	1512	6422
1506	6201	6475	6733	8507	7938	4896	9000	4707	6351
3270	7403	7972	8870	8475	751	4466	5799	4033	6381
7539	3336	7714	4385	5754	7301	5384	6366	307	8480
3577	7002	6605	7080	4995	3502	4804	7535	2770	8521
3935	4579	2599	4871	7298	8542	8331	2029	3150	270
4839	2810	5439	6167	5931	3225	933	8980	2092	7010
5251	2327	7714	2502	3064	4516	1956	7304	5460	6323
5303	2022	5292	7589	1240	4842	8810	986	4935	6519
7956	502	192	2243	921	6975	816	8777	7466	3226
4217	7175	1329	3351	6191	381	7159	2863	3517	1195
2124	4668	2384	8538	5282	1444	7901	2892	6096	394
8199	2761	2836	1002	5244	2483	8420	3715	4933	5283
8942	35	4130	2969	4535	797	1488	8708	2546	8042
5884	6894	3580	2137	8330	47	7071	3530	2581	5310
8062	648	2215	1816	6618	5170	4691	2845	5227	6736
3864	3841	660	6515	2454	4342	4151	2550	3255	8635
2287	5410	8582	7807	2236	1201	420	2567	4170	4117
3041	4363	301	4242	2004	4924	5510	7373	6970	4912
8064	1375	4436	3660	4792	4441	6858	5709	1075	8255
1438	2491	8917	8395	5470	1140	3691	6269	3443	3354
1678	6110	8690	5044	7779	4035	1941	7806	368	7622
4632	2990	1089	2498	6658	3818	3684	2978	5075	3572
1685	324	4924	7983	3850	7808	7573	4158	6591	8870
1303	6376	7661	2408	5422	6134	8414	8574	4165	6947
4620	3272	3378	8268	4719	1546	8680	2211	635	3018
8071	4706	588	970	7126	7770	5200	4815	5629	4079
5694	3551	8576	691	8568	7072	5258	4978	3894	628
8363	4503	4435	6565	4319	1127	2293	7281	6966	2748
1871	5464	184	3587	7450	7287	7939	8697	8592	5763
8491	5275	8783	7413	4153	1318	3281	8655	2723	5391
5861	6655	1599	3970	1711	6283	379	3512	3464	8078
2963	5290	6418	3032	662	4204	3232	2018	2559	2552
2274	747	4815	5362	7413	2585	1474	772	181	7630
7044	6432	2448	1096	4581	8687	8976	6534	5060	4054
5777	6929	2570	4971	2496	6877	3679	8189	5555	7440
6274	2722	2514	2789	1717	5136	5252	3469	3817	2166
8428	5915	2872	2358	571	1978	4495	1704	1913	1169
8667	1684	2766	42	5729	5259	8584	3284	2086	3350
2805	7567	3344	937	1691	6002	5720	5270	6889	4812
7281	8856	59	6715	3439	3125	4531	4969	7324	6843
1668	3450	5110	6873	4663	242	3253	6635	688	5044
7646	3877	8907	33	6093	5430	3389	3804	5529	5952
3792	328	7356	2255	4941	6601	6113	8592	4174	3051
8098	2354	4516	8632	1695	8444	1177	5642	1742	258
6517	400	265	8434	7488	7825	2653	8419	8926	5621
8222	8338	7272	2038	5979	8286	7064	1753	6686	3433
1584	332	7293	5101	350	7263	4485	4800	4466	4831
2226	2327	2798	5821	5470	575	6886	7085	8132	3474
7197	4212	1051	4376	7353	2199	3004	2692	2667	14
1019	638	3524	3203	6797	5228	6013	393	2042	42
775	4202	344	8770	6551	8149	3958	2301	6014	1504
4903	182	5885	5843	7827	7874	1957	2982	3880	7004
6704	5496	291	6979	2885	4066	3955	4291	5818	5142
7240	3904	8941	8192	1875	6569	8497	1479	1015	2064
6424	5922	4884	1453	2204	4808	6767	8913	1390	1397
1916	1023	3546	4806	3009	6730	6911	5477	3113	4177
3826	367	3702	1960	674	1907	3136	3434	912	6406
4215	8513	8025	1085	1708	8045	2770	703	5058	7804
3400	7720	4501	3974	1	1242	5868	1541	5171	2887
2920	2693	987	2072	6204	1540	3288	220	4161	8340
4428	4280	4182	2963	6658	8050	1151	3521	1375	284
4748	6997	8627	1011	6905	670	2999	4154	120	7206
2085	7975	7926	4571	5493	813	2535	7116	2070	7920
8792	2179	8729	2217	553	6617	7687	8128	2585	4788
8112	4135	383	7844	1164	2935	7150	1751	4011	818
4106	8069	4168	429	1938	3811	120	2355	986	5093
5386	2107	3326	857	7297	4582	3253	2403	612	4920
3229	580	7848	8454	2872	4043	2419	1326	6907	4279
8920	2265	7466	4493	7363	8965	5857	2880	7624	1318
8492	289	5940	6237	8025	2263	1813	2295	1269	4346
5914	8109	2766	3553	4724	6318	1895	3237	5612	7672
6085	3950	4950	5414	6853	2796	6682	5781	6458	2522
7960	2721	5876	5381	5653	786	822	3160	3710	1868
6235	3138	1924	452	6671	3114	893	8332	119	6282
2190	3166	4676	5374	3368	8333	2750	4727	6914	2471
6982	247	8242	4458	8686	5911	2071	7349	5002	4509
415	5369	6120	5183	1115	8864	6241	177	8402	7303
4827	731	1930	5858	3941	3413	3582	416	4546	8615
663	8945	2015	843	8230	4347	966	5043	1951	2431
4017	4632	7647	7437	3536	1937	3864	2405	7725	846
2315	5262	8521	7478	6018	6045	6658	431	1758	3733
7041	8938	495	262	6560	6580	7444	84	4221	3789
2843	1368	2204	3455	738	1565	39	8059	7836	6962
6235	291	8269	272	5682	8368	6541	7567	8861	6678
4707	4329	4076	8686	7982	2745	6792	5552	3619	5665
3358	6074	8700	7626	2480	6517	4414	3380	8891	8138
1001	4335	165	5657	3119	626	929	4666	2487	5525
2594	1060	3143	1891	5260	6017	4295	7732	7102	4265
3123	1769	4689	7373	4099	140	5653	8383	3823	2897
4380	5553	6857	8016	796	1778	7956	4223	1306	2151
3210	4492	8684	4973	2476	3790	7803	3737	4407	1564
225	6247	5785	1431	3349	5592	637	1331	4818	4742
8942	4819	6710	6437	8492	778	3696	4322	2427	654
6287	8056	1949	1468	5516	2516	7377	4273	2303	2246
3121	691	1330	1393	2612	8897	5800	6376	317	5922
8238	1220	1232	6086	166	6737	8908	3554	4562	4163
4468	4789	6311	5823	7788	260	1168	4829	1928	7603
7083	6022	6581	582	6678	1861	7875	1138	2168	1439
318	58	2632	1257	7658	519	2256	8976	3702	8930
4776	8222	3340	3293	120	2212	578	1521	2041	1640
6864	3441	2337	3453	7792	5571	8363	2808	6047	5994
4574	2800	191	1096	8685	8861	3819	1319	2766	1686
8107	7646	2876	5694	3699	584	605	8293	2695	2204
8167	4388	1017	4985	3288	1980	3143	2203	3662	4305
3935	7469	1533	7988	6266	7744	7211	699	6172	4058
2639	8059	5452	2546	4460	1468	1372	2907	897	6759
8673	3448	7903	6870	160	2263	2303	8328	2984	4251
61	6790	1208	8635	4560	8486	1092	5207	5106	8386
4961	4021	1105	7237	7128	7782	867	3628	1279	1801
8322	3263	7426	6421	6044	253	1079	8401	3529	2972
3802	7837	3620	1409	4883	3148	5176	2658	2014	8785
3564	1640	7213	7872	1300	8317	1044	4899	551	3813
4880	3200	5699	1891	3388	269	1970	7531	8848	4061
8425	2560	2645	7850	7749	3453	3801	4571	5620	4811
7215	3552	1977	6559	754	133	5778	1069	1083	944
8158	1807	3826	2366	6072	7652	8459	8718	6766	7164
5383	3377	8065	8651	5057	610	5390	7636	1488	433
8354	7057	589	4370	7368	114	474	3470	7248	2736
699	4593	5758	5635	8082	3311	8857	7390	7966	5804
8949	8631	6804	4830	1930	1980	7975	3159	5039	682
4381	5028	7946	2138	8803	3876	705	5553	8203	2658
5666	2049	620	18	4188	6635	8147	4514	3462	3481
4523	6114	4551	721	6259	2534	350	3181	2370	3108
767	3919	6446	6	1553	523	5817	7969	3753	8479
3846	290	1015	1872	4718	3848	7337	6841	5107	7297
7355	2971	1962	3331	8474	6593	4054	37	2426	1448
7841	4065	8924	2217	7019	78	789	7231	5812	7221
6250	3540	2883	5733	5009	4992	1702	6386	7299	2003
7009	2376	8266	5974	4843	6818	8800	2187	3011	8998
4512	3750	2627	897	8490	4535	5075	5986	790	2158
1552	7815	4079	3727	2634	5519	3758	8618	6302	5381
4549	525	3164	2388	385	8747	5442	2794	6210	3752
1925	8155	4993	711	7265	1952	8526	8868	8615	8291
8842	2508	1755	1407	704	3696	4052	6180	4286	5640
2279	990	6703	812	1719	4104	1074	2516	1409	3884
7852	2534	1558	840	6471	1722	5421	1476	4274	7756
1334	1706	8620	5962	6706	1577	2032	4460	1334	2302
8386	6589	2318	5864	4276	4482	335	8583	3679	5921
6922	1689	4374	3611	7776	4040	3451	1282	7480	4856
1486	4099	3074	373	6700	7615	4287	749	8433	1101
7079	1091	3010	5433	1335	3152	8549	2142	6474	4631
6551	8656	1017	8920	1450	8222	2497	8061	7629	1561
6501	7049	2082	906	3928	1449	8502	4541	4713	3116
3231	448	8803	7479	8911	101	3520	5053	8042	992
742	4081	4897	3268	5583	8421	8123	5783	4520	771
5731	8194	761	8332	1587	1701	3545	2500	3727	7506
2986	1824	5190	621	1885	8030	6393	3520	1545	4302
7117	4257	3090	2402	2003	1732	3593	4251	3398	2756
5585	6560	8592	4428	2945	7233	1636	5163	7247	7629
6967	4091	1464	4936	6441	8833	2841	4501	8815	4209
8540	6635	7946	5261	4238	2825	24	8087	7626	384
6214	5925	5464	4606	6911	2367	4291	4430	5644	1307
5856	4225	5259	8190	6766	4738	8243	3247	1633	4157
8329	3441	4863	1456	4355	8406	4786	6673	5551	2435
415	3715	1494	650	6540	2701	893	66	1792	3452
8337	7915	1133	5500	7001	3159	2309	4910	619	7595
293	7754	6294	3535	4262	5190	8192	6767	3988	387
6931	1621	8419	4514	3221	3386	4789	6246	6629	3351
7188	818	4411	3881	3353	7458	952	1579	8442	85
2250	4050	5554	4262	8012	1493	5385	1345	3129	3809
1463	8876	7964	1677	8019	8656	5452	6860	7361	6654
3331	8112	6525	2545	3204	2473	7542	7838	7982	3711
894	5229	6451	8219	4961	3035	8797	8064	5654	1228
908	1816	4043	5710	2457	1482	5449	1375	8503	1922
6609	7651	5829	7407	467	6673	5810	5963	1543	7914
8733	125	391	8244	4068	7407	863	5955	2898	3833
7400	2809	5927	1588	2339	684	2865	2694	4256	88
1825	7529	7000	422	3331	5325	4550	1819	3038	6292
526	775	3639	35	5069	1227	6904	6859	3602	2150
1115	3431	4453	7320	8393	1739	6615	3558	2035	7828
64	8235	7164	3945	7586	3695	2708	3179	2291	7163
3368	6484	3004	6841	6489	5722	8418	1595	1800	1463
991	3360	3590	2802	7652	7374	3748	990	5554	1050
1554	7467	8249	3286	313	5790	4873	3815	3286	4551
1127	7163	5496	2301	7332	8864	539	1400	3132	1168
1376	6708	705	5300	8030	6023	4699	8647	5842	2056
1288	7938	2200	8414	7262	3257	2167	1852	4189	3010
4339	2976	2729	1944	2548	7956	6304	6033	6584	238
5158	1421	5669	6243	5883	5806	6938	672	8294	1744
1288	4778	6639	518	3605	5333	6898	8494	3615	56
4392	8474	5104	6950	42	8199	3550	519	333	6505
2861	1669	8658	6753	3023	4394	844	2984	4302	2990
595	6086	3138	5267	841	6190	7237	6718	5656	5178
7738	4262	7193	7064	7663	3459	7928	8642	3774	3022
2066	5209	594	1477	8064	3702	7399	2449	7957	6149
8518	5165	4662	4731	2296	7250	8654	7183	7256	6500
2694	2704	4013	176	3228	5625	2548	3758	2029	3480
3040	7616	4594	2013	6596	339	2258	8720	1150	898
4278	1790	7533	6633	1955	1668	1721	883	2949	2061
697	6742	6057	2052	1895	1522	4978	6017	5491	4930
614	8576	8654	2062	1343	6016	4236	2438	8522	3772
5298	4715	6042	6803	2594	6037	5642	6772	1235	1468
2296	6798	6692	1576	728	1716	3003	6629	6260	1621
7505	6574	204	8083	4467	6976	845	3141	6790	5636
4913	6842	8070	2125	4183	6889	970	700	1885	3365
16	4771	4779	482	1804	3275	2886	7220	6196	1625
1040	4316	6905	1245	2072	506	2815	425	941	4591
2913	4310	2723	2480	2405	8232	8763	7938	3532	1790
3370	7993	1983	8836	1897	7067	5591	1372	1474	4289
643	6257	8209	685	6613	8179	3663	5726	1016	6684
2133	3884	4534	653	7035	416	2306	4232	1912	2344
2178	6002	4639	4035	1417	7343	879	5439	8931	5271
3671	3420	6124	2065	4580	2245	3881	4619	7037	6198
7398	7688	5746	1197	2105	675	3499	102	3285	5617
6272	2001	2850	7376	4352	250	7825	4921	7345	4720
7326	8685	5438	4002	7039	8934	2686	4305	2470	2576
101	2211	2272	4650	7051	2748	7064	1827	5265	734
7191	6459	7580	5736	5887	3576	5899	679	7164	6282
3359	3032	2550	5894	2776	8022	6153	5700	7909	8766
3234	5693	2056	548	5176	2312	7381	1818	6406	2593
1603	8682	7621	5639	2589	8834	4024	2768	2871	8649
4295	8141	5452	6521	536	7881	180	5333	7649	2010
1824	5157	6757	8831	3570	2428	5880	315	3484	2950
3022	3414	7835	6784	2161	7203	8801	6786	3719	400
7447	4653	1661	8278	2143	2185	7919	5518	1822	4774
3310	3383	8848	7300	8769	1595	6091	5501	1784	6110
6828	2764	5629	2984	8574	1119	7642	5937	4801	4401
381	4496	5985	2587	7929	8749	7008	8302	2313	6353
8428	3672	1951	6024	3663	8451	2885	4821	1931	5118
4138	7217	2579	8370	37	562	5947	8431	5288	4593
2745	6858	7409	4304	7706	8829	6982	111	6213	6465
5455	6891	338	2128	8023	4252	2026	2836	4475	6449
2012	2391	5571	4019	8819	8354	5625	3680	956	2726
7715	5997	6652	4208	8845	4183	6837	8239	3562	4699
4173	7384	5677	7061	1662	1143	4937	3773	7185	739
4495	1485	2317	767	5910	8477	8747	2754	6752	7222
5928	685	927	3020	7084	2738	317	8944	1951	2379
4871	4517	3388	5885	7068	5824	4459	4654	420	882
1178	3121	8304	5338	194	8441	1048	7279	6422	5978
3046	403	1481	2566	1240	1781	6737	7962	7747	8321
5534	8370	697	7341	5177	2419	539	2596	1880	1104
6623	2473	8491	5983	5759	8026	8573	3845	8922	4165
8403	4986	4846	7633	5038	7086	8536	3830	5052	5539
1806	1261	7379	7836	2943	6809	340	6328	5594	4969
155	7633	1046	5838	1349	5349	4970	7308	284	5036
1554	1328	2082	2625	2660	7133	4045	8855	7764	2410
8141	4232	1467	6121	120	1422	2759	898	320	2790
2392	2010	2376	8951	8073	7989	6255	1679	5301	8843
4897	8604	7710	4931	2077	3951	6579	3177	2210	44
401	484	7024	870	3621	4281	6399	7152	7819	284
2436	5871	4962	3224	5823	1709	5783	1799	3873	767
220	6804	5985	239	3336	1171	2282	3448	3188	7158
5666	4886	5615	6374	5763	6305	374	7354	6638	1841
4577	4898	8167	8959	2342	2910	1216	1194	3844	1859
7651	1254	6713	6744	2829	3564	8932	8888	7379	3927
6504	4845	2593	8369	6383	5758	2769	3720	8860	8534
5264	8616	4306	5148	1831	6131	4816	3007	2630	8740
1815	8358	1641	8871	4517	4319	1815	6676	3020	4666
1083	653	1993	5801	4697	1738	296	3684	8872	2633
6663	8040	2446	2339	3861	3188	7148	5051	558	562
1235	7064	2863	6928	8861	8179	304	2198	3027	8155
8278	8904	6032	7574	7528	398	5480	411	1481	6839
3692	3567	8718	6275	6709	1023	48	5924	407	5021
4960	3525	6895	3863	3235	6076	2260	6729	4677	8442
7883	2289	5932	8108	7147	3329	6967	3675	7113	666
1342	2067	4899	4700	2064	6016	4005	5025	3924	2587
1649	1573	2152	1358	3998	6892	1202	2014	53	7666
6096	5500	424	2145	7589	7135	3133	6412	5331	6090
990	6990	4901	7550	2567	3391	1352	2083	7227	2461
5880	5331	2262	6658	563	4207	3719	4790	7802	3983
1321	5697	5337	5875	7386	2373	8904	4479	3703	5604
7488	966	4349	5149	6833	5712	1678	6040	8362	2336
4392	5668	2005	532	3341	4800	5366	3137	564	2604
5884	4056	51	741	8347	567	680	6131	1320	5866
8592	3763	7091	5560	5420	4810	4008	3028	4578	4251
4707	4485	3701	3646	8212	2762	459	476	2998	8961
7556	3116	584	2771	859	978	3818	7947	130	7383
3631	3366	8399	2624	5806	6188	992	4806	406	5970
2325	311	7656	8118	7772	6733	186	2919	1460	6965
7027	5154	8370	5676	4629	8145	8854	6011	1022	101
3873	2145	1560	2658	3862	5901	3227	3460	4212	5432
7597	3444	3007	6592	7660	985	2225	8670	6223	7162
845	1880	5278	5440	7129	2824	6021	6249	5058	4685
8701	8282	819	6050	8085	3748	5399	3248	1786	7681
2234	5185	3726	2104	8167	2253	1468	6	3722	2993
4796	1694	7994	6268	223	2065	8619	7351	5914	525
1722	6230	528	2380	6130	7997	8230	359	4510	4878
3233	7884	2673	8690	3071	2004	8432	4966	3891	4563
4628	8616	4131	4559	1315	8103	1087	5498	2457	2204
1074	6895	3683	355	5753	135	4971	5246	1439	7755
5534	6308	2826	6462	1079	1862	7737	8110	8560	306
2152	7017	7704	7439	8128	5588	241	4482	8851	7859
6118	6832	6899	5511	2086	1479	5628	7027	3213	612
3442	7853	5790	613	726	5143	8022	352	6081	6799
7384	7290	8445	57	8679	4913	2159	5141	4939	5665
5542	497	3267	6237	7804	7678	7107	7071	2614	7653
572	4772	5295	8888	6555	2185	6273	2364	569	2524
6465	7645	5540	119	7625	5250	530	1570	5808	917
3721	2932	2096	8552	4162	6665	834	7934	292	3082
1404	3565	4898	6007	8108	8696	1471	7384	257	8911
2314	3255	1420	3778	737	1529	8826	2670	4275	5811
3380	1210	4814	7978	8638	5815	7902	7091	1541	7743
2763	4678	319	5864	801	3200	1989	6580	1377	7871
1683	1898	8007	6807	2455	7385	827	1792	8945	3099
2611	1712	5568	8487	2230	958	7267	3873	3161	3381
4679	359	1548	4991	1612	6902	4191	6743	1995	7783
3112	1729	1065	2987	7188	5036	2715	7755	3020	6119
1498	4864	5806	3097	6625	1543	7713	148	119	7863
2326	5304	3705	681	2024	7469	8925	3325	5417	1631
2837	5507	4579	4332	5417	8704	962	2125	3911	4153
4136	6793	2663	4445	6090	2241	7861	2089	4498	8503
433	6632	372	3622	1780	1369	7839	5549	6488	2293
7377	8760	3196	2387	3178	817	7965	8252	1363	4676
1190	852	8066	5635	8306	1626	4482	1528	7881	3406
946	8674	5039	466	5600	5022	6074	654	5845	7236
7969	7057	6203	2378	3287	4383	5397	7440	3415	6407
8662	7750	2961	2083	930	8647	8957	4822	7988	5361
106	6530	1807	5461	6232	4050	7680	8551	3011	5882
754	1480	7834	7285	5354	6094	470	3382	8554	5791
8778	5467	3484	3855	1885	8003	8142	3564	5694	2307
702	435	8477	4135	7372	3857	468	8783	1967	5182
4767	1150	3667	6690	1788	1676	1625	1068	1720	3788
273	4731	6201	8759	3703	6175	3774	3429	7911	1664
4191	3603	7793	8676	6211	3766	1431	3013	2162	6544
3059	3104	58	7699	8879	2755	2068	5544	1274	408
4004	527	6157	1132	3457	5451	6766	3278	7924	2968
7760	475	6760	6065	7913	4039	6458	5025	180	8975
1638	5441	6696	4497	8910	2731	6794	4408	8486	7658
2679	2818	6325	7586	8217	8879	6347	6825	6890	5497
1537	5854	1428	4359	8421	3574	2150	2770	8978	8120
2124	6033	330	3556	1757	3397	4452	7186	7095	3954
6120	8268	4134	5133	6608	2455	4566	848	1855	7972
3457	1049	465	645	7083	3566	8560	7607	97	297
5071	6181	1675	4990	6827	4788	5239	3677	5814	5154
2371	8514	6303	8401	8097	2085	7109	763	247	5304
2055	6453	3184	582	5483	1891	2116	5108	8600	1378
1445	6360	2294	8107	1168	3564	4123	1574	1097	8565
4698	6293	3452	6832	3957	1558	1754	489	3075	851
3806	516	4721	5916	5935	5997	1058	1500	4839	345
3819	7946	6285	5705	4499	4610	8417	1944	2032	2165
3220	4243	5605	2451	6975	6752	1942	7396	470	6885
98	1095	3403	6908	7949	7152	4636	3460	46	631
8159	6952	5366	4559	7441	7493	6878	4291	5399	4820
4233	8736	5996	5517	8121	5667	7760	6933	7171	7301
7559	5378	7155	5532	3481	1198	8546	320	3759	345
8691	780	1473	3581	4576	5168	4630	7550	4570	6464
4003	4129	2491	7768	632	2890	8092	2950	8543	242
5444	2602	8725	3401	2478	8505	902	1576	243	3816
4249	5309	5423	364	4809	1325	3797	2353	2522	3814
8289	2616	7253	5518	1918	4335	4947	5280	7019	4856
203	5209	5325	3567	1072	1066	7971	3956	3187	1298
2615	2497	8346	2260	535	6178	4507	3873	4779	2519
3128	6618	594	638	2728	5046	5276	2305	4492	1058
867	2186	2288	3032	6348	1353	5658	3836	8911	6965
815	7469	3141	5768	5656	405	2094	2689	8788	3829
3776	167	6081	8053	6986	7424	6065	5919	1184	626
6300	6470	7293	8114	5713	79	3972	202	1612	5256
7590	8612	8391	2523	3221	100	8864	4499	1094	7349
2353	4761	6684	3440	6256	8551	1005	3951	8440	7167
3060	6333	6247	2372	4216	8486	5677	5190	864	858
369	986	4675	4581	5593	1048	4079	3063	4128	7088
1736	2198	2185	7860	3403	326	1398	8185	7857	886
6270	1132	557	3802	5745	3997	8999	2156	6807	7295
1584	860	2941	86	3110	3634	571	3995	2485	2231
3707	4233	1965	1835	3132	538	1138	2041	3106	6705
3236	8042	7199	8638	243	973	7035	8941	1618	7504
4538	7438	7218	7416	4752	7023	806	1021	1318	4389
1320	4188	7832	3564	1443	1427	6752	5351	3248	6006
6778	782	7401	5209	3514	8760	8617	4894	7030	8112
4630	6522	5507	3414	5347	7178	1420	7415	7657	1667
1987	5438	5479	7595	389	8286	5795	8573	6544	7971
6921	4839	1174	7173	2676	7083	583	6797	7345	4607
4197	6055	4263	6812	713	6210	8733	6153	7361	3822
2906	247	8230	946	4187	5383	1134	2467	121	1583
3767	6096	5780	4397	479	678	6183	8302	2900	1853
7917	7524	3822	8223	7227	5659	3756	2929	458	3509
8952	5559	5451	976	5233	7095	1586	6903	5403	6432
3915	8087	5958	3997	5328	2610	709	6468	130	123
227	3522	2254	5023	5269	3040	2563	2124	6458	8854
4633	8174	8140	5449	2965	4640	621	2167	2597	6301
3420	1672	2944	2891	3698	6087	7592	5177	1584	959
3330	5722	6457	954	8784	1375	759	2539	773	564
6971	1715	7442	1502	4787	8436	7835	4316	3383	7776
3770	1496	8471	426	6935	3017	3217	8847	4113	3313
1791	2338	7928	308	400	4515	4151	1357	748	904
5217	2425	764	2453	2983	3030	5460	897	5321	2126
8389	888	8130	3466	4195	3224	6152	2012	4187	898
3180	4960	8470	7154	4781	3495	2805	4888	598	5618
2635	4680	4021	3090	4815	7952	6073	2243	7827	7673
2315	721	326	1444	1237	3423	5769	4366	4453	2637
3486	8757	3787	3563	2134	1320	7055	1625	6851	4566